-45.2787718606717 -40.6128745744334
-45.4052829139912 -40.6333608874624
-45.5242537625213 -40.5468217348492
-45.5448778925651 -40.4204149754869
-48.8374560185878 -20.3874851747338
-43.8619511272149 18.4497220232649
-37.700186895026 44.4041573966566
-37.6737285113504 44.3991910177405
-38.7766880145291 37.5300930112922
-38.9033604751634 37.4035869243517
-38.9033604751634 37.4035869243517
-44.4924665901481 8.20816622497656
-45.8131330746433 -10.0851777954628
-47.1170060093007 -28.1459042791424
-44.8210772680882 -40.5390396136176
-45.2787681358875 -40.6128621584862
-45.2787693774822 -40.6128662971352
-45.2787706190769 -40.6128704357843
-45.2787718606717 -40.6128745744334
-49.515117908007 -46.3573112434343
-45.1224066478237 -42.8306397687889
-42.7734108475222 -44.351464571072
-40.9177225219424 -44.8396479264079
-41.7707225188137 -47.239523894955
-42.623722515685 -49.6393998635022
-43.4767225125564 -52.0392758320493
-44.5542856094178 -52.1390752163686
-45.6318487062791 -52.2388746006878
-46.7094118031405 -52.338673985007
-47.6446471714293 -50.3448864044827
-48.5798825397181 -48.3510988239585
-49.515117908007 -46.3573112434343
-48.2506095482556 -46.8506589090132
-45.178952412145 -44.3845886694027
-43.5364643756804 -45.4481658553276
-42.2388947819371 -45.7894430622191
-42.8353581313565 -47.4675452501303
-43.4318214807758 -49.1456474380416
-44.0282848301952 -50.8237496259528
-44.7817697679403 -50.8935396656715
-45.5352547056854 -50.9633297053901
-46.2887396434305 -51.0331197451087
-46.9426962783722 -49.6389661330769
-47.5966529133139 -48.244812521045
-48.2506095482556 -46.8506589090132
-56.1558271328586 -56.0125571457498
-48.9720108610265 -43.0557883982451
-28.1474683293199 -50.5736107014454
-33.5394936099608 -68.9168533866014
-39.8859204001402 -90.5068943706077
-65.7794023286562 -73.3696878988127
-55.2170147550381 -56.6049944430799
-48.6305200889489 -44.711260756904
-29.5426939061721 -51.6202766598104
-34.485589807934 -68.4873971928641
-40.3036644878737 -88.340974700307
-64.0508728642151 -72.5569629936598
-54.6862246205796 -70.245932785278
-62.2473448343531 -50.9783734970173
-41.6482195124923 -46.795993965309
-37.7912578684001 -54.6205189922339
-43.42291345246 -59.8289902565819
-49.0545690365198 -65.03746152093
-54.6862246205796 -70.245932785278
-41.0373936298997 -72.0216019701856
-45.0204936967488 -70.2727587486709
-30.6151652689188 -57.3906372552829
-41.0373961130891 -72.0216007285909
-41.0373952853593 -72.0216011424558
-41.0373944576295 -72.0216015563207
-41.0373936298997 -72.0216019701856
-43.4201691142439 -37.1703421171017
-43.5466503692899 -37.1908284301306
-43.6658645703869 -37.1051583938277
-43.686918292207 -36.9787764663601
-46.7144498929027 -18.9362401952576
-43.1430676801151 17.9672005863174
-37.0354743249467 43.4542381013725
-37.009053189113 43.4492717224564
-37.2824734555552 40.9936084195446
-37.3060637554067 40.867015420973
-37.3060637554067 40.867015420973
-42.7978135016673 11.6504669259027
-44.0569216329052 -6.64682675188832
-45.2999800733995 -24.7108871610767
-42.9626933968249 -37.0949726502085
-43.4201691142439 -37.1703421171017
-47.3748184246733 -38.4079885748905
-44.8903795631062 -33.3520928869984
-42.118242383955 -33.7344284829515
-40.2306004085989 -33.390157973211
-39.9862731898473 -35.9253743890606
-39.7419459710957 -38.4605908049103
-39.497618752344 -40.99580722076
-40.4313633792282 -41.5428248878257
-41.3651080061124 -42.0898425548913
-42.2988526329965 -42.636860221957
-43.9908412302221 -41.2272363396015
-45.6828298274477 -39.817612457246
-47.3748184246733 -38.4079885748905
-47.4868686241838 -37.2458062447319
-47.6139694349996 -37.262319454628
-47.7301243466843 -37.1719313583548
-47.7467232266167 -37.0449782973118
-50.1384471816742 -18.9072228575679
-45.2726482534571 17.8479647333848
-38.273320679487 43.1046671054148
-38.2470733669153 43.0984591317697
-38.6066230597101 40.6542433322595
-38.634647094339 40.5285566978401
-38.634647094339 40.5285566978401
-45.1490093572928 11.5255266598236
-47.0505361862465 -6.71658835251392
-48.9278869898279 -24.7267729872896
-47.0270176424046 -37.1865142724115
-47.4868686241838 -37.2458062447319
-46.0203962578353 -38.3190283125557
-44.2831686612408 -34.7836848858357
-42.3447482570859 -35.051043343267
-41.0248162752946 -34.8103064402195
-40.8539736683103 -36.5830512556754
-40.683131061326 -38.3557960711313
-40.5122884543417 -40.1285408865872
-41.1652079438197 -40.5110431134077
-41.8181274332978 -40.8935453402282
-42.4710469227758 -41.2760475670487
-43.6541633677957 -40.2903744822177
-44.8372798128155 -39.3047013973867
-46.0203962578353 -38.3190283125557
-49.2983843276492 -49.9675028960652
-48.2818926850365 -35.1874103723939
-26.2338010330377 -33.1724408709056
-23.3447825820589 -52.072206416224
-19.9443940773692 -74.317320662504
-50.6600984122651 -69.7672329850195
4.20033629244588 23.9790425719021
-8.22814424512422 28.5117263852581
-26.0610895355269 24.4414574503175
-31.6316468211494 19.8909553511599
-24.3531942911264 2.18811820212714
-36.920007383925 10.1325345932017
-36.8763080886591 17.4817028592192
-54.7753035792462 20.6718586041946
-51.6003057762771 29.2942029833332
-43.5908809399168 28.3553908408824
-49.162777755943 29.2209711004555
-47.7507573514394 35.9800097522497
-40.7584867563499 33.5708212436867
-51.9410100704183 41.5871206773619
-29.8607038318073 37.2109280081313
-32.4244783097222 30.7762149956977
-32.4244783097222 30.7762149956977
-26.3576539375845 29.7088240722928
-26.5129167298749 29.1881422437477
-26.7715081522931 28.3209424936681
-20.1002828090868 35.1270312681469
-5.7737744222109 31.3294053097591
4.25724303518263 28.670414629229
2.91752089922366 27.3455868386461
4.20033629244588 23.9790425719021
-32.7208531795147 20.3397297659668
-32.7208531795147 20.3397297659668
-25.3148978868971 25.3879349527415
-14.3510774711431 26.6175007631479
1.65717110918094 28.4127869309668
4.33539015238205 22.3953868467274
0.533688536956335 28.4286697617896
0.533688536956335 28.4286697617896
-11.8833285409892 34.0407050734032
-22.3639875646494 29.5900295227135
-29.3107695335807 26.6400363404816
-24.3183524101342 28.6434313614117
-32.6163804326354 29.5708500008635
-29.1708108535835 27.7501372348669
-31.3154028330155 22.988838084495
-34.772978329977 24.407889391308
-29.2680864699961 20.0294088726457
-36.3795740025271 16.4373870164062
-36.0028101905413 17.427159602773
-36.865905266878 12.9317594935261
-25.2548219466526 2.25113954292642
4.75719277000929 66.6846741366274
0.0585095521672869 76.7038151846303
2.40286080791268 83.3248870157888
3.0249334616126 84.6289461173655
-20.7335555246942 84.7421286523788
-22.9211355515198 101.767550567832
-0.268245596363529 98.5527038910082
14.3451706449816 96.4788010585866
15.0257747241695 90.1142506089536
13.2927066113326 86.6644423387571
10.0493086506195 80.2082038184543
13.7002965508295 66.6846741366274
13.7002965508295 66.6846741366274
10.7192619572227 66.6846741366274
7.73822736361602 66.6846741366274
4.75719277000929 66.6846741366274
5.93174759164264 66.4881172750752
1.40102835765526 78.3032213762967
4.33370503652267 82.4943422988026
4.97284660008876 86.1972292514943
-21.2675794380718 85.7877229416235
-19.7570588409507 101.594724830568
2.48346215956632 96.5897364649986
13.2232534859808 94.1728627489512
13.4119632876222 90.6375275916972
11.6298105688943 86.7651281227313
9.12976744387365 81.3328407727267
11.8618498532327 68.3710950092232
11.8618498532327 68.3710950092232
9.88514909936938 67.7434357645072
7.90844834550601 67.1157765197912
5.93174759164264 66.4881172750752
31.3485462746781 67.6701899527927
33.513089551799 77.2138638708985
29.8528714275751 84.2886850550728
28.735299818422 85.6144619335308
57.3419014580696 85.8021087854444
47.2842297531304 109.84909362067
17.0453288628219 95.0440305878306
17.0453230896733 95.0440277612785
22.4054437354527 67.6701899527927
22.4054437354527 67.6701899527927
25.3864779151945 67.6701899527927
28.3675120949363 67.6701899527927
31.3485462746781 67.6701899527927
30.2215917117662 67.4736330912404
31.8200553216874 78.7860473108548
28.1113149315575 83.4483784736917
26.4076003091583 87.1827450676596
54.0411130440034 85.0656053581466
47.8906060750905 107.297853868898
18.3346424513571 94.4822967760912
18.3346355538057 94.4822937852917
23.83549516202 69.3566108253885
23.83549516202 69.3566108253885
25.9641940119354 68.7289515806725
28.0928928618508 68.1012923359565
30.2215917117662 67.4736330912404
33.3711612016209 62.3088970012224
33.8615124258853 72.6309431430135
71.6568351855865 63.5317198467025
64.1760601080212 40.4750067171772
64.3579287427092 49.4588129805245
52.1592090072071 49.3718941484298
42.2345384601061 46.4281306282329
39.2800793739444 51.7217194192294
36.3256202877826 57.0153082102259
33.3711612016209 62.3088970012224
-48.1969872482584 -50.106315594447
-47.2711011936515 -36.5421962825216
-27.054038336847 -34.711704886046
-24.3837178337911 -52.0841270244095
-21.2405950701223 -72.5324797298868
-49.4387937616688 -68.298631621255
-27.2610685134777 -14.0149442268131
30.5469075096861 -19.6919551399213
27.7013361925079 -51.4095022527841
25.340361189933 -77.7256010356191
-14.7948788401086 -76.2871572249082
-19.3817424615409 -58.128949504494
-21.7880684804293 -48.6029266487347
-40.3611993831314 -41.2052658872019
-20.7502597105714 -37.4852353722775
35.5064453872061 60.9463585296407
35.8684970686271 69.2252555838554
66.1427092183898 62.6141236663643
64.094923134074 43.3904822120369
63.0055794614732 49.6315083871285
55.594937175116 50.7272380723325
43.1757405187977 47.8206411965733
40.6193088082672 52.1958803075958
38.0628770977366 56.5711194186182
35.5064453872061 60.9463585296407
35.5064453872061 60.9463585296407
35.8684970686271 69.2252555838554
66.1427092183898 62.6141236663643
64.094923134074 43.3904822120369
63.0055794614732 49.6315083871285
55.594937175116 50.7272380723325
43.1757405187977 47.8206411965733
40.6193088082672 52.1958803075958
38.0628770977366 56.5711194186182
35.5064453872061 60.9463585296407
7.6830914526192 -27.100139748381
15.6579632954838 -8.59274979445036
16.9145521138341 4.22725541566749
11.1836336988806 18.7634135139412
11.1836336988806 18.7634135139412
-11.3514792230469 27.1127402252663
-11.229388565315 47.5978888837313
-11.0196622839873 82.7871009855945
54.3922510669242 81.9343881775826
47.255213445332 39.2017479952868
45.0448717968174 25.9674427619561
31.1453963847368 22.5851412293947
28.7488448595429 21.3376491134751
28.7488448595429 21.3376491134751
34.9581712901181 4.18170491818412
20.5514677335646 -23.1506252327174
11.4117987606091 -40.4903621724099
11.1455558879113 -33.1110449560851
7.6830914526192 -27.100139748381
30.2215917117662 67.4736330912404
31.8200553216874 78.7860473108548
28.1113149315575 83.4483784736917
26.4076003091583 87.1827450676596
54.0411130440034 85.0656053581466
47.8906060750905 107.297853868898
18.3346424513571 94.4822967760912
18.3346355538057 94.4822937852917
23.83549516202 69.3566108253885
23.83549516202 69.3566108253885
25.9641940119354 68.7289515806725
28.0928928618508 68.1012923359565
30.2215917117662 67.4736330912404
-32.7208531795147 20.3397297659668
-32.7208531795147 20.3397297659668
-25.3148978868971 25.3879349527415
-14.3510774711431 26.6175007631479
1.65717110918094 28.4127869309668
4.33539015238205 22.3953868467274
0.533688536956335 28.4286697617896
0.533688536956335 28.4286697617896
-11.8833285409892 34.0407050734032
-22.3639875646494 29.5900295227135
-29.3107695335807 26.6400363404816
-24.3183524101342 28.6434313614117
-32.6163804326354 29.5708500008635
-29.1708108535835 27.7501372348669
-31.3154028330155 22.988838084495
-34.772978329977 24.407889391308
-29.2680864699961 20.0294088726457
-36.3795740025271 16.4373870164062
-36.0028101905413 17.427159602773
-36.865905266878 12.9317594935261
-25.2548219466526 2.25113954292642
8.77450040003378 -28.1118904611707
21.9023204326106 5.6143786029066
14.7032222427334 8.8371456851342
12.1980426659851 19.4650262793671
12.1980426659851 19.4650262793671
-3.53798839695424 25.984376412015
-8.06719029668874 37.840544122628
-25.0960025063781 82.4171512026628
61.944798739541 82.1085090883522
44.5021068041378 35.7507677407584
40.4812377500205 25.0644351326029
27.111869230604 22.3158891845282
27.111869230604 22.3158891845282
27.111869230604 22.3158891845282
34.3457789829343 5.05320980368643
19.7672411734136 -21.827946512406
10.7824391548951 -38.3948938074365
10.5759974443999 -31.7999751836362
8.77450040003378 -28.1118904611707
5.93174759164264 66.4881172750752
1.40102835765526 78.3032213762967
4.33370503652267 82.4943422988026
4.97284660008876 86.1972292514943
-21.2675794380718 85.7877229416235
-19.7570588409507 101.594724830568
2.48346215956632 96.5897364649986
13.2232534859808 94.1728627489512
13.4119632876222 90.6375275916972
11.6298105688943 86.7651281227313
9.12976744387365 81.3328407727267
11.8618498532327 68.3710950092232
11.8618498532327 68.3710950092232
9.88514909936938 67.7434357645072
7.90844834550601 67.1157765197912
5.93174759164264 66.4881172750752
8.77450040003378 -28.1118904611707
21.9023204326106 5.6143786029066
14.7032222427334 8.8371456851342
12.1980426659851 19.4650262793671
12.1980426659851 19.4650262793671
-3.53798839695424 25.984376412015
-8.06719029668874 37.840544122628
-25.0960025063781 82.4171512026628
61.944798739541 82.1085090883522
44.5021068041378 35.7507677407584
40.4812377500205 25.0644351326029
27.111869230604 22.3158891845282
27.111869230604 22.3158891845282
27.111869230604 22.3158891845282
34.3457789829343 5.05320980368643
19.7672411734136 -21.827946512406
10.7824391548951 -38.3948938074365
10.5759974443999 -31.7999751836362
8.77450040003378 -28.1118904611707
-19.7849247751317 -37.6385350734705
-9.79784401641062 -37.0439464264971
0.34486504358338 -39.2396350533101
8.19755367815998 -44.2787450916226
8.19755367815998 -44.2787450916226
9.10145450640743 -42.5527794269073
10.4915042339949 -42.6539569813758
9.69867705435177 -43.1014620092415
7.33241286154964 -46.7704747501405
8.57914912696338 -47.6626121980078
7.72271198201719 -47.0482711260852
7.95323763376093 -45.1120289780619
7.95323763376093 -45.1120289780619
7.95323763376093 -45.1120289780619
-44.1067763121586 -26.5836835783435
-21.0979681175197 -53.7421007413046
-18.1123502811103 -57.2661709149729
-16.1322301184722 -67.8149404562518
-3.0837415776837 -69.8530623274958
36.3716050280852 -76.0158301149954
34.3638440407728 -27.9310688152834
4.8047794526 -25.7447689883771
-10.6032457604998 -24.6051333698045
-18.6426753516476 -32.2026205420726
-16.1188357372702 -68.9590285398044
-3.63262643150335 -71.3751674516474
-12.7450908692259 -71.3861836456795
-16.1188357372702 -68.959026056615
-16.1188357372702 -68.9590268843448
-16.1188357372702 -68.9590277120746
-16.1188357372702 -68.9590285398044
-19.7849247751317 -37.6385350734705
-9.79784401641062 -37.0439464264971
0.34486504358338 -39.2396350533101
8.19755367815998 -44.2787450916226
8.19755367815998 -44.2787450916226
9.10145450640743 -42.5527794269073
10.4915042339949 -42.6539569813758
9.69867705435177 -43.1014620092415
7.33241286154964 -46.7704747501405
8.57914912696338 -47.6626121980078
7.72271198201719 -47.0482711260852
7.95323763376093 -45.1120289780619
7.95323763376093 -45.1120289780619
7.95323763376093 -45.1120289780619
-44.1067763121586 -26.5836835783435
-21.0979681175197 -53.7421007413046
-18.1123502811103 -57.2661709149729
-16.1322301184722 -67.8149404562518
-3.0837415776837 -69.8530623274958
36.3716050280852 -76.0158301149954
34.3638440407728 -27.9310688152834
4.8047794526 -25.7447689883771
-10.6032457604998 -24.6051333698045
-18.6426753516476 -32.2026205420726
-41.9358264749605 -62.2370483343934
-56.9492173698686 -47.9889464781038
-40.0632465381343 -35.4717320640156
-33.2540510695165 -40.9246017630503
-36.1479762046645 -48.0287506201646
-39.0419013398125 -55.132899477279
-41.9358264749605 -62.2370483343934
-29.9701537881263 -58.8079101843578
-27.162858217822 -48.835005259895
-25.1625525374956 -55.3384116119291
-27.3854706521259 -59.5552778156913
-28.6705699114001 -61.9931056417581
-30.8157588494472 -61.811918372667
-19.432691800075 -47.4826927058245
-20.5652180470899 -46.7922987801298
-20.650474589165 -46.5509776262621
-20.8959844423226 -45.3378502273773
-21.8400329042736 -46.4646074633225
-20.8862536050417 -48.096848873052
-13.3990815107101 -46.4971893056065
-14.4511259795011 -45.7609511679295
-14.5873551508724 -45.5610156954802
-14.8623741529577 -44.0349207187362
-15.8085113524252 -45.3313041331043
-14.8337987823055 -47.2255770017353
25.3406708917402 -95.0477683574316
23.7702095452053 -84.1423630106855
22.1997481986704 -73.2369576639394
20.6292868521355 -62.3315523171933
7.465919114325 -60.8903202098257
0.907526846207217 -67.1067578457656
0.230688517689821 -69.8233535360641
0.230688517689821 -69.8233535360641
25.1919213869101 -95.1121897415419
3.90746023659985 -64.7462107125842
-6.15224903107791 -72.5273136526838
1.98857621409125 -68.4328007368392
3.90745899500512 -64.7462082293948
3.90745940887003 -64.7462090571246
3.90745982273494 -64.7462098848544
3.90746023659985 -64.7462107125842
1.70533554373431 -69.7573801585425
4.77237889026514 -64.8977124322243
17.2730653118078 -61.0868817972239
19.6786434588054 -63.5436666209744
21.1015416856603 -73.1132890348195
22.5244399125153 -82.6829114486646
23.9473381393702 -92.2525338625098
16.5333372741582 -84.7541492945207
9.11933640894628 -77.2557647265316
1.70533554373431 -69.7573801585425
23.9473380152107 -92.252532620915
16.5332991158136 -84.7542287565833
9.1192602164164 -77.2559248922517
1.70522131701924 -69.75762102792
1.70522131701924 -69.75762102792
19.3211844518563 -58.3562792588471
19.9816508689257 -64.3231617154013
20.8798640162711 -72.4379305100412
22.5807650317017 -83.0615951187522
23.9473380152107 -92.252532620915
22.393513127542 -91.6941042844247
20.6636961279863 -91.4153255187038
20.777218499828 -94.6407541845228
22.2192969007464 -95.0622850830033
18.6930463036877 -97.5362386684865
24.529895481864 -99.3428673972365
25.4713330928767 -98.401429947249
27.8897418049991 -103.201156595941
31.7235904086226 -98.5893610583142
29.9574009639017 -96.5140880076285
32.0009274475259 -96.7718782565362
32.7164577554386 -92.758133358026
28.2733107508516 -92.4635590274394
27.7658226780499 -88.5320862493532
22.6511569380848 -90.8690673653007
-20.1124506025728 -60.4612175894581
-24.6265942541963 -49.947259170128
-12.5818008004882 -47.9988821650926
-10.4775047596543 -56.8371067724032
-7.98915316991153 -67.2883977625191
-17.4202203604443 -66.7317306713408
-19.3970356933379 -60.1723466817699
-23.4024992643685 -50.959083254026
-13.1400983744817 -49.2487849502606
-11.2051962768787 -56.9942348687277
-8.91384276696129 -66.1665665740657
-16.9953704511642 -65.6965947866425
-12.782976125589 -57.338582688777
-13.252567898828 -52.8874481581226
-12.3445746587981 -61.4940726660877
-12.782976125589 -57.338582688777
-19.4307934017344 -60.2761394238885
-19.4307934017344 -60.2761394238885
-10.8947601103678 -61.0017584234002
-10.8949575239297 -61.019839767439
-11.4710798697414 -64.9763351596145
-16.6246330200972 -65.4957091401689
-20.2108600548981 -59.1794536988755
-13.0242226760691 -61.6793377003501
-13.0052683889689 -60.1657743414642
-10.3198347047128 -60.2973359291025
-10.3198351185777 -60.5262023964233
-10.3198355324426 -60.7550688637442
-10.3198359463075 -60.983935331065
-10.3198359463075 -60.983935331065
-13.4038464098097 -61.6709039052257
-17.3501343532576 -60.8664980060656
-20.5471810113447 -60.2148164185815
-20.0872177509078 -60.4212507050076
-20.2108600548981 -59.1794536988755
1.54588253867448 -56.3099757108409
0.486014252678989 -46.0668087140746
-14.0775907479041 -46.9520623340226
-10.0522362477442 -60.2559949549693
-7.67668718623766 -68.1072648619504
2.59678245372802 -66.4664672947647
0.7016679810099 -56.4163744133385
-0.135436337841471 -47.3026911691889
-12.6411594657202 -48.0608610100618
-9.36848730559977 -59.8770336785462
-7.3842088828595 -67.0413860237515
1.5365059685101 -65.5053837601067
0.616314182983649 -59.6185945801799
0.616314182983649 -59.6185945801799
-8.9834218694193 -60.9922204926918
-8.97783469313867 -61.0132245507228
-7.12347861787027 -65.6233592401545
-1.0286353317331 -65.8152011685723
1.18811821948981 -58.295420869482
-6.18301275459984 -61.5802178542751
-6.80262656761581 -59.925616494909
-9.85331665963341 -60.2091566298522
-9.78546516315172 -60.4751769917094
-9.71761366667002 -60.7411973535665
-9.64976217018833 -61.0072177154237
-9.64976217018833 -61.0072177154237
-5.87410909724425 -61.6168778269974
-1.61298258099863 -60.4333907924715
1.8214658780338 -59.4795056622093
1.42218999456284 -59.7984281296101
1.18811821948981 -58.295420869482
-1.65486099863239 -55.6755255302598
-2.12445277187174 -51.2243909996024
-1.21645953184177 -59.8310155075681
-1.65486099863239 -55.6755255302598
-41.6086886125669 20.2232557644368
-65.7094256567117 31.0402030094271
-15.2289548125191 21.416990417602
-41.6086886125669 20.2232805963314
-41.6086886125669 20.2232723190331
-41.6086886125669 20.223264041735
-41.6086886125669 20.2232557644368
-38.9819484551319 26.707434572992
-57.0401918577543 33.3943395676243
-33.8178226609625 35.2886413240474
-32.4046070818704 27.03843722909
-31.9413567366342 24.3340303772255
-37.1695817173117 26.046452640197
-38.1196261511701 32.6644695074441
-38.6798252749486 32.9347145868055
-42.5959298146989 35.7710584507275
-41.9785435118872 36.7313087841246
-39.5331605342022 40.5347294445953
-27.3119520890783 27.4507506516883
-41.6086886125669 20.2232557644368
-65.7094256567117 31.0402030094271
-15.2289548125191 21.416990417602
-41.6086886125669 20.2232805963314
-41.6086886125669 20.2232723190331
-41.6086886125669 20.223264041735
-41.6086886125669 20.2232557644368
-38.9819484551319 26.707434572992
-57.0401918577543 33.3943395676243
-33.8178226609625 35.2886413240474
-32.4046070818704 27.03843722909
-31.9413567366342 24.3340303772255
-37.1695817173117 26.046452640197
-38.1196261511701 32.6644695074441
-38.6798252749486 32.9347145868055
-42.5959298146989 35.7710584507275
-41.9785435118872 36.7313087841246
-39.5331605342022 40.5347294445953
-27.3119520890783 27.4507506516883
-7.5861944827033 35.6143992560344
-7.5861944827033 35.6143992560344
3.7905107042886 27.0928628247239
18.0816617316314 31.7816459913166
43.9237342969212 40.2601611652663
34.6322029047294 68.1347574525528
34.6322029047294 68.1347574525528
34.6322029047294 68.1347574525528
15.0161013968106 78.4059491760084
-0.998529995078394 66.0459357282794
-17.0131626285621 53.6859222805504
-7.5861944827033 35.6143992560344
33.3132341029003 68.0341386157125
-10.0611998563081 88.5136012602276
-14.5960288791194 32.251850392075
-7.40816966407648 36.5179946519784
10.9698859228031 23.3994477029395
56.2802768548983 35.2125963575088
23.3840765229187 -92.559768961397
21.624505545463 -92.0519186886524
21.5229058004016 -94.4441151966642
23.2516259287345 -95.120482352737
20.1817267649376 -97.0272237071623
24.6210561060833 -98.4206546464127
25.7240362338298 -97.6591189482003
27.6398373050086 -101.906078953162
30.6122356679458 -98.5468842652627
29.1346387236746 -96.2242364765423
31.0860636611749 -96.3936634829454
31.7147692087714 -93.3668168142003
27.8542830088644 -93.1447599755202
26.948353131353 -88.865482443572
22.538556821269 -92.5597688968802
34.1822785248845 33.0763437269043
36.4437632409474 40.5964098497815
35.9095988936086 45.5929595178055
35.9095988936086 45.5929595178055
23.8680938403764 50.7800663138258
31.0002270055642 54.5088901587952
34.3651027279364 50.6460514097894
27.5147950064066 56.6976659687044
36.831878891622 59.9133128683117
39.6771956259769 54.3077005048999
38.9463289014323 61.512446998519
52.2837882592563 60.2400721244217
47.5671580230043 50.9355416368094
56.2997931992316 61.2251488817133
58.4478821434111 33.999824393889
42.1999116247082 42.5167844171679
42.1999116247082 42.5167844171679
41.5042609971711 35.0385103728698
37.2175335189213 31.8071980108401
36.2057818542424 32.2302465828615
35.1940301895634 32.6532951548829
34.1822785248845 33.0763437269043
34.1104699004554 32.7437080830507
38.8579206528652 42.8346823315879
36.5514429028523 46.4312842788447
36.4401807435163 46.466073763152
25.1201418302723 51.2110034625209
30.9318571135257 53.6306312687992
36.9848903273672 47.6085768168555
29.0158294559023 56.4285275851669
36.1347690390578 59.9937289593678
40.9269542128258 51.0168164277716
38.5395633946453 61.4546406456318
50.0083305483081 60.0319662179959
46.6757960599253 49.0868567490772
54.8528829824653 60.249974570594
57.7809580345277 36.5535453503642
41.4607741417869 43.5843944768164
39.5809468871797 34.7068735298961
40.6643433181647 37.4027193941261
36.6563850966986 31.2243810290874
35.8077466979509 31.7308233804085
34.9591082992031 32.2372657317296
34.1104699004554 32.7437080830507
34.1104699004554 32.7437080830507
38.8579206528652 42.8346823315879
36.5514429028523 46.4312842788447
36.4401807435163 46.466073763152
25.1201418302723 51.2110034625209
30.9318571135257 53.6306312687992
36.9848903273672 47.6085768168555
29.0158294559023 56.4285275851669
36.1347690390578 59.9937289593678
40.9269542128258 51.0168164277716
38.5395633946453 61.4546406456318
50.0083305483081 60.0319662179959
46.6757960599253 49.0868567490772
54.8528829824653 60.249974570594
57.7809580345277 36.5535453503642
41.4607741417869 43.5843944768164
39.5809468871797 34.7068735298961
40.6643433181647 37.4027193941261
36.6563850966986 31.2243810290874
35.8077466979509 31.7308233804085
34.9591082992031 32.2372657317296
34.1104699004554 32.7437080830507
-52.2531558585467 -33.4947374972369
-47.050977966267 -31.3332524383125
-45.2195461933036 -33.449089853406
-43.5736575378357 -34.4353820798952
-45.0622013198173 -36.5020827247465
-46.5507451017989 -38.5687833695978
-48.0392888837804 -40.635484014449
-49.1019238733498 -40.4307574595797
-50.1645588629192 -40.2260309047104
-51.2271938524886 -40.0213043498412
-51.5691811878413 -37.8457820656397
-51.911168523194 -35.6702597814383
-52.2531558585467 -33.4947374972369
-51.176451117508 -34.3212174445611
-47.5388273924091 -32.8097986461279
-46.2582058720702 -34.2893083359288
-45.1073200445403 -34.9789646682106
-46.148184498266 -36.4240940211672
-47.1890489519917 -37.8692233741238
-48.2299134057174 -39.3143527270803
-48.9729594288458 -39.1712009934726
-49.7160054519741 -39.0280492598649
-50.4590514751024 -38.8848975262571
-50.6981846892376 -37.3636708323585
-50.9373179033728 -35.8424441384598
-51.176451117508 -34.3212174445611
-61.3234403374911 -40.9144746642653
-50.8107167525058 -30.4757454006912
-32.9096195868364 -43.5037747986938
-43.2041201094943 -59.6149990007856
-55.3207832279434 -78.5779662329393
-75.4065101148994 -54.8984200631869
-60.5871391202049 -41.7452675561542
-50.9445283359286 -32.1607552994107
-34.5414139046961 -44.1197437573631
-43.9928849055464 -58.9387028160936
-55.1178143001834 -76.3814768790478
-73.5198845350213 -54.600090768948
-63.8822933946813 -54.9928707682797
-65.7690159055892 -34.3809793254332
-44.8208353960227 -36.1103294227185
-43.2994600330932 -44.7001299267071
-43.1064098489206 -46.1366839987352
-42.9133596647479 -47.5732380707633
-42.7203094805753 -49.0097921427914
-49.7743041186106 -51.0041516846209
-56.828298756646 -52.9985112264503
-63.8822933946813 -54.9928707682797
-49.6476588425119 -57.4731457896629
-44.9925815126593 -48.2173370519197
-44.2673310744465 -54.9826507170163
-47.2525943094746 -58.6990384190323
-48.9784173124045 -60.8475348426264
-51.0498465907164 -60.2611513784333
-19.432691800075 -47.4826927058245
-20.5652180470899 -46.7922987801298
-20.650474589165 -46.5509776262621
-20.8959844423226 -45.3378502273773
-21.8400329042736 -46.4646074633225
-20.8862536050417 -48.096848873052
