1 2 3 4
4 5 6 7
7 8 9 10
10 11 12 13
13 14 15 16
16 17 18 19
20 21 22 23
23 24 25 26
26 27 28 29
29 30 31 32
33 34 35 36
36 37 38 39
39 40 41 42
42 43 44 45
46 47 48 49
49 50 51 46
52 53 54 55
55 56 57 52
58 59 60 61
61 62 63 64
65 66 67 68
68 69 70 71
72 73 74 75
75 76 77 78
78 79 80 81
81 82 83 84
84 85 86 87
88 89 90 91
91 92 93 94
94 95 96 97
97 98 99 100
101 102 103 104
104 105 106 107
107 108 109 110
110 111 112 113
113 114 115 116
117 118 119 120
120 121 122 123
123 124 125 126
126 127 128 129
130 131 132 133
133 134 135 130
136 137 138 139
139 140 141 142
142 143 144 145
145 146 147 148
148 149 150 151
151 152 153 154
154 155 156 157
157 158 159 160
161 162 163 164
164 165 166 167
167 168 169 170
170 171 172 173
173 174 175 176
176 177 178 179
179 180 181 161
182 183 184 185
185 186 187 188
188 189 190 191
191 192 193 194
194 195 196 197
198 199 200 201
201 202 203 204
204 205 206 207
207 208 209 210
210 211 212 213
214 215 216 217
217 218 219 220
220 221 222 223
223 224 225 226
227 228 229 230
230 231 232 233
233 234 235 236
236 237 238 239
240 241 242 243
243 244 245 246
246 247 248 249
250 251 252 253
253 254 255 250
264 256 257 258
258 259 260 261
261 262 263 264
265 266 267 268
268 269 270 271
271 272 273 274
275 276 277 278
278 279 280 281
281 282 283 284
285 286 287 288
288 289 290 291
291 292 293 294
294 295 296 297
297 298 299 300
300 301 302 303
304 305 306 307
307 308 309 310
310 311 312 313
313 314 315 316
317 318 319 320
320 321 322 323
323 324 325 326
326 327 328 329
329 330 331 332
332 333 334 335
335 336 337 317
338 339 340 341
341 342 343 344
344 345 346 347
347 348 349 350
350 351 352 353
353 354 355 356
357 358 359 360
360 361 362 363
363 364 365 366
366 367 368 369
369 370 371 372
373 374 375 376
376 377 378 379
379 380 381 382
382 383 384 385
385 386 387 388
388 389 390 391
392 393 394 395
395 396 397 398
398 399 400 401
401 402 403 404
404 405 406 407
407 408 409 410
410 411 412 413
413 414 415 392
416 417 418 419
419 420 421 422
423 424 425 426
426 427 428 429
429 430 431 432
432 433 434 435
435 436 437 438
438 439 440 441
441 442 443 444
444 445 446 423
447 448 449 450
450 451 452 453
454 455 456 457
457 458 459 454
460 461 462 463
463 464 465 460
466 467 468 469
469 470 471 466
472 473 474 475
475 476 477 478
478 479 480 472
481 482 483 484
484 485 486 487
488 489 490 491
491 492 493 494
494 495 496 497
498 499 500 501
501 502 503 504
504 505 506 507
508 509 510 511
511 512 513 514
514 515 516 517
517 518 519 520
520 521 522 508
523 524 525 526
526 527 528 523
529 530 531 532
532 533 534 529
535 536 537 538
539 540 541 542
542 543 544 539
545 546 547 548
548 549 550 551
551 552 553 554
554 555 556 557
558 559 560 561
561 562 563 558
564 565 566 567
567 568 569 564
570 571 572 573
573 574 575 570
576 577 578 579
579 580 581 582
582 583 584 585
585 586 587 588
589 590 591 592
593 594 595 596
596 597 598 599
600 601 602 603
603 604 605 600
606 607 608 609
609 610 611 606
612 613 614 615
615 616 617 618
619 620 621 622
622 623 624 619
625 626 627 628
628 629 630 625
631 632 633 634
634 635 636 637
637 638 639 640
640 641 642 631
643 644 645 646
646 647 648 643
649 650 651 652
652 653 654 655
655 656 657 658
658 659 660 661
661 662 663 649
664 665 666 667
667 668 669 670
670 671 672 673
673 674 675 676
676 677 678 679
679 680 681 682
682 683 684 685
686 687 688 689
689 690 691 692
692 693 694 695
695 696 697 698
698 699 700 701
701 702 703 704
704 705 706 707
708 709 710 711
711 712 713 714
714 715 716 717
717 718 719 720
720 721 722 723
723 724 725 726
726 727 728 729
730 731 732 733
733 734 735 736
736 737 738 739
739 740 741 742
743 744 745 746
746 747 748 749
749 750 751 752
752 753 754 755
756 757 758 759
759 760 761 756
762 763 764 765
765 766 767 762
768 769 770 771
771 772 773 774
774 775 776 777
778 779 780 781
781 782 783 778
784 785 786 787
787 788 789 784
