3086.48 52.8125
3080 58.3505
3079.14 68.9874
3084.91 75.3438
3090.3 81.907
3100.84 82.6647
3107.26 77.1875
3111.96 73.1384
3117.65 70.4661
3123.35 68.125
3138.64 62.8765
3159.07 55.2847
3172.82 66.6562
3172.68 78.1208
3160.24 84.7432
3152.57 91.875
3150.68 92.6219
3148.92 93.6688
3147.13 94.6562
3147.13 94.6666333333333
3147.13 94.6770666666667
3147.13 94.6875
3142.04 97.0884
3136.38 99.0214
3132.76 103.469
3132.75 103.458666666667
3132.74 103.448333333333
3132.73 103.438
3132.65 103.514
3132.61 103.61
3132.54 103.688
3132.49 103.751
3132.4 103.811
3132.35 103.875
3132.36 103.885333333333
3132.37 103.895666666667
3132.38 103.906
3125.64 110.317
3125.99 122.423
3133.69 128
3135.81 129.83
3138.48 131.094
3141.1 131.844
3155.76 135.343
3170.5 135.477
3185.48 135.031
3194.71 134.775
3204.23 134.526
3213.26 135.969
3227.76 138.13
3242.33 146.081
3244.13 157.062
3245.33 163.247
3243.53 169.525
3241.29 175.25
3228.26 207.817
3179.58 247.95
3135.04 262.062
3118.94 267.148
3099.39 270.84
3084.38 261.406
3077.3 257.086
3067.23 259.297
3062.79 266.375
3057.75 273.496
3060.11 284.307
3067.73 288.625
3104.17 311.538
3167.08 293.59
3220.44 249.969
3249.36 224.945
3281.61 190.978
3275.01 149.625
3272.57 138.812
3232.73 106.951
3218.16 104.688
3207.99 102.984
3197.94 103.171
3187.69 103.312
3195.4 95.5194
3202.09 86.1942
3204.23 75.1875
3210.46 47.9015
3181.65 26.6293
3156.98 29
3131.85 29.7399
3106.55 37.406
3343.71 404.562
3343.71 415.97
3343.46 432.595
3342.96 453.964
3342.44 481.715
3342.18 501.163
3342.18 514.027
3342.69 554.313
3346.53 590.24
3353.68 621.788
3354.77 626.215
3357.35 630.406
3361.31 633.096
3365.35 635.908
3369.98 636.691
3374.84 635.387
3384.8 632.868
3389.38 621.679
3387.34 613.036
3380.8 584.234
3377.28 551.071
3376.78 513.586
3376.78 501.382
3377.03 482.243
3377.56 454.522
3378.06 433.113
3378.31 416.317
3378.31 404.562
3378.51 395.548
3371.14 386.067
3361 386
3350.91 386.065
3343.45 395.595
3474.63 382.461
3467.18 407.666
3462.94 440.303
3461.92 480.398
3461.66 492.882
3461.66 510.894
3461.92 534.492
3461.92 551.359
3461.92 551.36
3461.92 561.43
3461.59 570.854
3470.08 579.004
3479.42 578.742
3488.75 579.084
3496.93 570.743
3496.54 561.43
3496.54 551.296
3496.54 551.313
3496.54 534.086
3496.29 510.775
3496.29 493.191
3496.54 481.336
3497.54 444.194
3501.41 414.525
3508.13 392.367
3509.49 388.016
3508.95 383.127
3506.67 379.18
3503.37 373.104
3496.43 369.507
3489.63 370.055
3482.76 370.714
3476.7 375.936
3463.51 618.43
3462.89 619.047
3462.72 619.974
3462.54 620.805
3462.42 621.786
3461.94 622.657
3461.85 623.648
3461.82 623.637666666667
3461.79 623.627333333333
3461.76 623.617
3461.63 624.014
3461.66 624.434
3461.57 624.836
3461.41 625.46
3461.26 626.118
3461.23 626.773
3461.22 626.773
3461.21 626.773
3461.2 626.773
3461.21 626.911
3461.19 627.044
3461.17 627.18
3461.18 627.18
3461.19 627.18
3461.2 627.18
3460.93 630.236
3461.48 633.452
3462.73 636.18
3466.47 644.552
3476.91 648.118
3485.2 644.992
3486.3 644.429
3487.32 643.694
3488.42 643.086
3488.9 642.928
3489.34 642.649
3489.79 642.367
3489.51 642.478
3489.17 642.582
3488.76 642.586
3489.58 642.58
3490.37 642.315
3491.04 641.836
3492.48 640.809
3494.02 639.824
3495.57 639.055
3503.76 634.964
3508.07 624.084
3503.29 615.867
3503.3 615.867
3503.31 615.867
3503.32 615.867
3499.88 608.59
3490.74 604.372
3483.17 607.117
3474.98 605.211
3465.67 610.083
3604.63 38.4609
3597.18 63.6656
3592.94 96.3025
3591.92 136.398
3591.66 148.882
3591.66 166.894
3591.92 190.492
3591.92 207.359
3591.92 207.36
3591.92 217.43
3591.59 226.854
3600.08 235.004
3609.42 234.742
3618.75 235.084
3626.93 226.743
3626.54 217.43
3626.54 207.296
3626.54 207.313
3626.54 190.086
3626.29 166.775
3626.29 149.191
3626.54 137.336
3627.54 100.194
3631.41 70.5251
3638.13 48.3672
3639.49 44.0158
3638.95 39.1271
3636.67 35.1797
3633.37 29.1041
3626.43 25.5073
3619.63 26.0547
3612.76 26.714
3606.7 31.936
3593.51 274.43
3592.89 275.047
3592.72 275.974
3592.54 276.805
3592.42 277.786
3591.94 278.657
3591.85 279.648
3591.82 279.637666666667
3591.79 279.627333333333
3591.76 279.617
3591.63 280.014
3591.66 280.434
3591.57 280.836
3591.41 281.46
3591.26 282.118
3591.23 282.773
3591.22 282.773
3591.21 282.773
3591.2 282.773
3591.21 282.911
3591.19 283.044
3591.17 283.18
3591.18 283.18
3591.19 283.18
3591.2 283.18
3590.93 286.236
3591.48 289.452
3592.73 292.18
3596.47 300.552
3606.91 304.118
3615.2 300.992
3616.3 300.429
3617.32 299.694
3618.42 299.086
3618.9 298.928
3619.34 298.649
3619.79 298.367
3619.51 298.478
3619.17 298.582
3618.76 298.586
3619.58 298.58
3620.37 298.315
3621.04 297.836
3622.48 296.809
3624.02 295.824
3625.57 295.055
3633.76 290.964
3638.07 280.084
3633.29 271.867
3633.3 271.867
3633.31 271.867
3633.32 271.867
3629.88 264.59
3620.74 260.372
3613.17 263.117
3604.98 261.211
3595.67 266.083
3604.63 38.4609
3597.18 63.6656
3592.94 96.3025
3591.92 136.398
3591.66 148.882
3591.66 166.894
3591.92 190.492
3591.92 207.359
3591.92 207.36
3591.92 217.43
3591.59 226.854
3600.08 235.004
3609.42 234.742
3618.75 235.084
3626.93 226.743
3626.54 217.43
3626.54 207.296
3626.54 207.313
3626.54 190.086
3626.29 166.775
3626.29 149.191
3626.54 137.336
3627.54 100.194
3631.41 70.5251
3638.13 48.3672
3639.49 44.0158
3638.95 39.1271
3636.67 35.1797
3633.37 29.1041
3626.43 25.5073
3619.63 26.0547
3612.76 26.714
3606.7 31.936
3593.51 274.43
3592.89 275.047
3592.72 275.974
3592.54 276.805
3592.42 277.786
3591.94 278.657
3591.85 279.648
3591.82 279.637666666667
3591.79 279.627333333333
3591.76 279.617
3591.63 280.014
3591.66 280.434
3591.57 280.836
3591.41 281.46
3591.26 282.118
3591.23 282.773
3591.22 282.773
3591.21 282.773
3591.2 282.773
3591.21 282.911
3591.19 283.044
3591.17 283.18
3591.18 283.18
3591.19 283.18
3591.2 283.18
3590.93 286.236
3591.48 289.452
3592.73 292.18
3596.47 300.552
3606.91 304.118
3615.2 300.992
3616.3 300.429
3617.32 299.694
3618.42 299.086
3618.9 298.928
3619.34 298.649
3619.79 298.367
3619.51 298.478
3619.17 298.582
3618.76 298.586
3619.58 298.58
3620.37 298.315
3621.04 297.836
3622.48 296.809
3624.02 295.824
3625.57 295.055
3633.76 290.964
3638.07 280.084
3633.29 271.867
3633.3 271.867
3633.31 271.867
3633.32 271.867
3629.88 264.59
3620.74 260.372
3613.17 263.117
3604.98 261.211
3595.67 266.083
2571.37 434.729
2581.6 424.503
2608.1 414.604
2629.34 414.604
2648.36 414.16
2657.52 418.446
2654.62 436.604
2653.03 446.669
2611.92 494.935
2563.74 544.073
2550.57 557.916
2536.73 570.94
2524.4 585.541
2521.29 589.213
2518.5 593.124
2516.62 597.541
2516.61 597.541
2516.6 597.541
2516.59 597.541
2511.1 609.127
2520.63 623.511
2533.12 624.354
2619.48 624.403
2705.5 610.674
2791.96 609.916
2801.14 610.128
2809.53 602.102
2809.27 592.823
2809.52 583.547
2801.15 575.519
2791.96 575.698
2716.53 575.393
2643.78 586.696
2568.68 588.604
2617.17 537.797
2684.27 473.462
2688.77 441.948
2694.52 405.016
2671.47 379.418
2628.93 380.01
2599.35 380.858
2569 389.942
2546.68 410.041
2543.52 413.398
2541.65 417.947
2541.71 422.573
2541.04 437.449
2561.48 445.698
2571.37 87.7088
2581.6 77.4829
2608.1 67.5841
2629.34 67.5838
2648.36 67.1396
2657.52 71.426
2654.62 89.5838
2653.03 99.6494
2611.92 147.915
2563.74 197.053
2550.57 210.896
2536.73 223.92
2524.4 238.521
2521.29 242.193
2518.5 246.104
2516.62 250.521
2516.61 250.521
2516.6 250.521
2516.59 250.521
2511.1 262.107
2520.63 276.491
2533.12 277.334
2619.48 277.383
2705.5 263.654
2791.96 262.896
2801.14 263.108
2809.53 255.082
2809.27 245.803
2809.52 236.527
2801.15 228.499
2791.96 228.678
2716.53 228.373
2643.78 239.676
2568.68 241.584
2617.17 190.777
2684.27 126.442
2688.77 94.9276
2694.52 57.9956
2671.47 32.3979
2628.93 32.9901
2599.35 33.8385
2569 42.9217
2546.68 63.0213
2543.52 66.3776
2541.65 70.927
2541.71 75.5526
2541.04 90.4287
2561.48 98.6778
2831.46 199.544
2833.76 274
2877.86 317.019
2942.61 304.481
2973.65 298.695
3014.34 268.918
3042.3 232.669
3061.93 206.442
3072.53 180.069
3072.58 156.669
3073.51 125.59
3051.13 98.7371
3022.74 88.5751
2998.47 78.8994
2971.44 78.4869
2946.33 76.1376
2937.12 75.1655
2928.06 82.3455
2927.42 91.7001
2926.21 100.949
2933.77 109.58
2942.8 110.7
2955.3 111.846
2967.92 112.266
2980.46 113.763
3025.61 119.569
3042.85 137.571
3036.74 167.481
3031.59 194.215
3006.74 227.265
2975.17 250.763
2960.17 261.958
2947.17 268.486
2936.24 270.388
2890.34 279.414
2867.53 250.739
2866.05 198.575
2864.57 147.785
2887.66 92.2466
2917.99 74.8876
2926.36 70.6884
2929.7 59.2282
2924.58 51.2938
2920.07 43.3445
2909.02 39.9194
2901.11 44.7626
2858.36 68.9669
2829.84 135.458
2831.46 546.364
2833.76 620.819
2877.86 663.839
2942.61 651.301
2973.65 645.515
3014.34 615.738
3042.3 579.489
3061.93 553.262
3072.53 526.889
3072.58 503.489
3073.51 472.41
3051.13 445.557
3022.74 435.395
2998.47 425.719
2971.44 425.307
2946.33 422.958
2937.12 421.986
2928.06 429.165
2927.43 438.52
2926.21 447.769
2933.77 456.4
2942.8 457.52
2955.3 458.666
2967.92 459.086
2980.46 460.583
3025.61 466.389
3042.85 484.391
3036.74 514.301
3031.59 541.035
3006.74 574.085
2975.18 597.583
2960.17 608.778
2947.17 615.306
2936.24 617.208
2890.34 626.234
2867.53 597.559
2866.05 545.395
2864.57 494.605
2887.66 439.067
2917.99 421.708
2926.36 417.508
2929.7 406.048
2924.58 398.114
2920.07 390.164
2909.02 386.739
2901.11 391.583
2858.36 415.787
2829.84 482.277
3096.48 403.993
3090 409.531
3089.14 420.168
3094.91 426.524
3100.3 433.088
3110.84 433.845
3117.26 428.368
3121.96 424.319
3127.65 421.647
3133.35 419.306
3148.64 414.057
3169.07 406.465
3182.82 417.837
3182.68 429.301
3170.24 435.924
3162.57 443.056
3160.68 443.802
3158.92 444.849
3157.13 445.837
3157.13 445.847333333333
3157.13 445.857666666667
3157.13 445.868
3152.04 448.269
3146.38 450.202
3142.76 454.649
3142.75 454.638666666667
3142.74 454.628333333333
3142.73 454.618
3142.65 454.695
3142.61 454.79
3142.54 454.868
3142.49 454.932
3142.4 454.991
3142.35 455.056
3142.36 455.066333333333
3142.37 455.076666666667
3142.38 455.087
3135.64 461.498
3135.99 473.603
3143.69 479.181
3145.81 481.01
3148.48 482.275
3151.1 483.024
3165.76 486.524
3180.5 486.657
3195.48 486.212
3204.71 485.956
3214.23 485.707
3223.26 487.149
3237.76 489.31
3252.33 497.262
3254.13 508.243
3255.33 514.428
3253.53 520.706
3251.29 526.431
3238.26 558.997
3189.58 599.13
3145.04 613.243
3128.94 618.329
3109.39 622.02
3094.38 612.587
3087.3 608.266
3077.23 610.477
3072.79 617.556
3067.75 624.676
3070.11 635.488
3077.73 639.806
3114.17 662.719
3177.08 644.771
3230.44 601.149
3259.36 576.125
3291.61 542.159
3285.01 500.806
3282.57 489.993
3242.73 458.132
3228.16 455.868
3217.99 454.165
3207.94 454.352
3197.69 454.493
3205.4 446.7
3212.09 437.375
3214.23 426.368
3220.46 399.082
3191.65 377.81
3166.98 380.181
3141.85 380.92
3116.55 388.587
3301.46 199.544
3303.76 274
3347.86 317.019
3412.61 304.481
3443.65 298.695
3484.34 268.918
3512.3 232.669
3531.93 206.442
3542.53 180.069
3542.58 156.669
3543.51 125.59
3521.13 98.7371
3492.74 88.5751
3468.47 78.8994
3441.44 78.4869
3416.33 76.1376
3407.12 75.1655
3398.06 82.3455
3397.43 91.7001
3396.21 100.949
3403.77 109.58
3412.8 110.7
3425.3 111.846
3437.92 112.266
3450.46 113.763
3495.61 119.569
3512.85 137.571
3506.74 167.481
3501.59 194.215
3476.74 227.265
3445.18 250.763
3430.17 261.958
3417.17 268.486
3406.24 270.388
3360.34 279.414
3337.53 250.739
3336.05 198.575
3334.57 147.785
3357.66 92.2466
3387.99 74.8876
3396.36 70.6884
3399.7 59.2282
3394.58 51.2938
3390.07 43.3445
3379.02 39.9194
3371.11 44.7626
3328.36 68.9669
3299.84 135.458
2253.44 685.232
2253.44 685.242333333333
2253.44 685.252666666667
2253.44 685.263
2246.16 685.864
2240.45 691.417
2237.87 697.888
2236.69 697.95
2235.54 697.984
2234.28 698.138
2234.28 698.127666666667
2234.28 698.117333333333
2234.28 698.107
2204.47 700.76
2178.76 718.892
2161.03 741.888
2143.93 764.046
2134.54 796.237
2149.41 822.232
2155.59 834.263
2169.07 839.526
2181.81 840.607
2196.07 841.795
2209.98 838.214
2223.44 829.919
2225.76 873.521
2233.99 915.73
2248.31 956.513
2248.32 956.513
2248.33 956.513
2248.34 956.513
2250.72 965.629
2261.46 970.243
2270.03 967.169
2279.18 964.751
2283.9 953.529
2280.97 945.138
2264.77 898.786
2256.77 849.333
2256.91 796.732
2258.63 794.268
2260.23 791.771
2261.62 789.232
2261.63333333333 789.232
2261.64666666667 789.232
2261.66 789.232
2269.21 776.244
2274.3 762.917
2277.16 749.263
2282.24 750.068
2287.01 748.506
2291.03 744.482
2291.02 744.471333333333
2291.01 744.460666666667
2291 744.45
2298.08 738.352
2298.12 726.567
2291.44 720.169
2291.43 720.179333333333
2291.42 720.189666666667
2291.41 720.2
2287.02 715.358
2282.11 711.479
2276.78 708.357
2275.44 703.462
2273.65 698.493
2271.31 694.107
2267.51 688.245
2260.48 683.935
2227.37 734.607
2225.61 742.34
2224.37 748.213
2224.16 750.794
2223.43 762.577
2222.99 774.022
2222.72 785.263
2219.98 788.496
2217.07 791.472
2213.84 794.232
2205.94 800.946
2196.2 807.145
2185.31 806.075
2183.27 805.902
2181.19 805.505
2179.31 804.763
2169.98 786.153
2188.71 752.558
2218.31 738.107
2221.31 736.645
2224.33 735.532
1368.37 764.729
1378.6 754.503
1405.1 744.604
1426.34 744.604
1445.36 744.16
1454.52 748.446
1451.62 766.604
1450.03 776.669
1408.92 824.935
1360.74 874.073
1347.57 887.917
1333.73 900.94
1321.4 915.541
1318.29 919.213
1315.5 923.124
1313.62 927.541
1313.61 927.541
1313.6 927.541
1313.59 927.541
1308.1 939.127
1317.63 953.511
1330.12 954.354
1416.48 954.403
1502.5 940.674
1588.96 939.916
1598.14 940.128
1606.53 932.102
1606.28 922.823
1606.52 913.547
1598.15 905.519
1588.96 905.698
1513.53 905.393
1440.78 916.696
1365.68 918.604
1414.17 867.797
1481.27 803.462
1485.78 771.948
1491.52 735.016
1468.47 709.418
1425.93 710.01
1396.35 710.859
1366 719.942
1343.68 740.041
1340.52 743.398
1338.65 747.947
1338.71 752.573
1338.04 767.449
1358.48 775.698
1632.07 876.354
1634.37 950.81
1678.47 993.829
1743.22 981.291
1774.25 975.505
1814.95 945.728
1842.91 909.479
1862.54 883.252
1873.14 856.879
1873.19 833.479
1874.12 802.4
1851.74 775.547
1823.35 765.385
1799.08 755.709
1772.04 755.297
1746.94 752.948
1737.73 751.976
1728.67 759.156
1728.03 768.51
1726.82 777.759
1734.38 786.39
1743.41 787.51
1755.91 788.656
1768.53 789.076
1781.07 790.573
1826.22 796.379
1843.46 814.381
1837.35 844.291
1832.2 871.026
1807.35 904.075
1775.78 927.573
1760.77 938.768
1747.78 945.297
1736.85 947.198
1690.95 956.224
1668.14 927.549
1666.66 875.385
1665.18 824.595
1688.27 769.057
1718.6 751.698
1726.97 747.498
1730.3 736.038
1725.19 728.104
1720.68 720.155
1709.63 716.729
1701.72 721.573
1658.97 745.777
1630.45 812.268
1928.37 764.729
1938.6 754.503
1965.1 744.604
1986.34 744.604
2005.36 744.16
2014.52 748.446
2011.62 766.604
2010.03 776.669
1968.92 824.935
1920.74 874.073
1907.57 887.917
1893.73 900.94
1881.4 915.541
1878.29 919.213
1875.5 923.124
1873.62 927.541
1873.61 927.541
1873.6 927.541
1873.59 927.541
1868.1 939.127
1877.63 953.511
1890.12 954.354
1976.48 954.403
2062.5 940.674
2148.96 939.916
2158.14 940.128
2166.53 932.102
2166.27 922.823
2166.52 913.547
2158.15 905.519
2148.96 905.698
2073.53 905.393
2000.78 916.696
1925.68 918.604
1974.17 867.797
2041.27 803.462
2045.77 771.948
2051.52 735.016
2028.47 709.418
1985.93 710.01
1956.35 710.859
1926 719.942
1903.68 740.041
1900.52 743.398
1898.65 747.947
1898.71 752.573
1898.04 767.449
1918.48 775.698
2360.5 712.461
2353.05 737.666
2348.81 770.303
2347.79 810.398
2347.53 822.882
2347.53 840.894
2347.79 864.492
2347.79 881.359
2347.79 881.36
2347.79 891.43
2347.46 900.854
2355.95 909.004
2365.29 908.742
2374.62 909.084
2382.8 900.743
2382.41 891.43
2382.41 881.296
2382.41 881.313
2382.41 864.086
2382.16 840.775
2382.16 823.191
2382.41 811.336
2383.41 774.194
2387.28 744.525
2394 722.367
2395.36 718.016
2394.82 713.127
2392.54 709.18
2389.24 703.104
2382.3 699.507
2375.5 700.055
2368.63 700.714
2362.57 705.936
2349.38 948.43
2348.76 949.047
2348.59 949.974
2348.41 950.805
2348.29 951.786
2347.81 952.657
2347.72 953.648
2347.69 953.637666666667
2347.66 953.627333333333
2347.63 953.617
2347.5 954.014
2347.53 954.434
2347.44 954.836
2347.28 955.46
2347.13 956.118
2347.1 956.773
2347.09 956.773
2347.08 956.773
2347.07 956.773
2347.08 956.911
2347.06 957.044
2347.04 957.18
2347.05 957.18
2347.06 957.18
2347.07 957.18
2346.8 960.236
2347.35 963.452
2348.6 966.18
2352.34 974.552
2362.78 978.118
2371.07 974.992
2372.17 974.429
2373.19 973.694
2374.29 973.086
2374.77 972.928
2375.21 972.649
2375.66 972.367
2375.38 972.478
2375.04 972.582
2374.63 972.586
2375.45 972.58
2376.24 972.315
2376.91 971.836
2378.35 970.809
2379.89 969.824
2381.44 969.055
2389.63 964.964
2393.94 954.084
2389.16 945.867
2389.17 945.867
2389.18 945.867
2389.19 945.867
2385.75 938.59
2376.61 934.372
2369.04 937.117
2360.85 935.211
2351.54 940.083
2360.5 712.461
2353.05 737.666
2348.81 770.303
2347.79 810.398
2347.53 822.882
2347.53 840.894
2347.79 864.492
2347.79 881.359
2347.79 881.36
2347.79 891.43
2347.46 900.854
2355.95 909.004
2365.29 908.742
2374.62 909.084
2382.8 900.743
2382.41 891.43
2382.41 881.296
2382.41 881.313
2382.41 864.086
2382.16 840.775
2382.16 823.191
2382.41 811.336
2383.41 774.194
2387.28 744.525
2394 722.367
2395.36 718.016
2394.82 713.127
2392.54 709.18
2389.24 703.104
2382.3 699.507
2375.5 700.055
2368.63 700.714
2362.57 705.936
2349.38 948.43
2348.76 949.047
2348.59 949.974
2348.41 950.805
2348.29 951.786
2347.81 952.657
2347.72 953.648
2347.69 953.637666666667
2347.66 953.627333333333
2347.63 953.617
2347.5 954.014
2347.53 954.434
2347.44 954.836
2347.28 955.46
2347.13 956.118
2347.1 956.773
2347.09 956.773
2347.08 956.773
2347.07 956.773
2347.08 956.911
2347.06 957.044
2347.04 957.18
2347.05 957.18
2347.06 957.18
2347.07 957.18
2346.8 960.236
2347.35 963.452
2348.6 966.18
2352.34 974.552
2362.78 978.118
2371.07 974.992
2372.17 974.429
2373.19 973.694
2374.29 973.086
2374.77 972.928
2375.21 972.649
2375.66 972.367
2375.38 972.478
2375.04 972.582
2374.63 972.586
2375.45 972.58
2376.24 972.315
2376.91 971.836
2378.35 970.809
2379.89 969.824
2381.44 969.055
2389.63 964.964
2393.94 954.084
2389.16 945.867
2389.17 945.867
2389.18 945.867
2389.19 945.867
2385.75 938.59
2376.61 934.372
2369.04 937.117
2360.85 935.211
2351.54 940.083
2360.5 382.461
2353.05 407.666
2348.81 440.303
2347.79 480.398
2347.53 492.882
2347.53 510.894
2347.79 534.492
2347.79 551.359
2347.79 551.36
2347.79 561.43
2347.46 570.854
2355.95 579.004
2365.29 578.742
2374.62 579.084
2382.8 570.743
2382.41 561.43
2382.41 551.296
2382.41 551.313
2382.41 534.086
2382.16 510.775
2382.16 493.191
2382.41 481.336
2383.41 444.194
2387.28 414.525
2394 392.367
2395.36 388.016
2394.82 383.127
2392.54 379.18
2389.24 373.104
2382.3 369.507
2375.5 370.055
2368.63 370.714
2362.57 375.936
2349.38 618.43
2348.76 619.047
2348.59 619.974
2348.41 620.805
2348.29 621.786
2347.81 622.657
2347.72 623.648
2347.69 623.637666666667
2347.66 623.627333333333
2347.63 623.617
2347.5 624.014
2347.53 624.434
2347.44 624.836
2347.28 625.46
2347.13 626.118
2347.1 626.773
2347.09 626.773
2347.08 626.773
2347.07 626.773
2347.08 626.911
2347.06 627.044
2347.04 627.18
2347.05 627.18
2347.06 627.18
2347.07 627.18
2346.8 630.236
2347.35 633.452
2348.6 636.18
2352.34 644.552
2362.78 648.118
2371.07 644.992
2372.17 644.429
2373.19 643.694
2374.29 643.086
2374.77 642.928
2375.21 642.649
2375.66 642.367
2375.38 642.478
2375.04 642.582
2374.63 642.586
2375.45 642.58
2376.24 642.315
2376.91 641.836
2378.35 640.809
2379.89 639.824
2381.44 639.055
2389.63 634.964
2393.94 624.084
2389.16 615.867
2389.17 615.867
2389.18 615.867
2389.19 615.867
2385.75 608.59
2376.61 604.372
2369.04 607.117
2360.85 605.211
2351.54 610.083
2163.99 473.599
2170.04 476.949
2176.37 480.424
2182.29 483.589
2193.94 489.215
2205.26 495.022
2216.11 502.053
2202.67 538.885
2187.11 581.733
2207.2 619.252
2218.33 637.963
2234.62 643.954
2255.06 636.822
2267.3 632.6
2278.39 623.519
2283.76 611.915
2290.22 598.075
2290.43 582.001
2290.31 567.38
2290.73 537.619
2275.1 509.435
2252.52 491.467
2259.17 475.939
2266.27 461.192
2273.8 446.147
2273.82666666667 446.111
2273.85333333333 446.075
2273.88 446.039
2281.44 429.847
2289.62 414.147
2296.97 397.768
2297.79 395.644
2298.12 393.519
2298.06 391.433
2303.15 390.366
2307.42 386.464
2309.18 381.578
2312.19 374.013
2307.46 364.866
2299.74 362.6
2283.66 357.464
2266.32 354.603
2247.78 354.045
2205.87 351.98
2159.54 366.747
2135.81 403.534
2118.75 429.165
2125.6 451.196
2269.41 386.154
2256.03 415.934
2240.36 444.32
2227.67 473.924
2211.7 464.043
2194.91 456.646
2178.66 447.555
2164.26 439.117
2156.69 432.92
2157.28 428.171
2158.83 420.836
2164.19 415.248
2169.03 409.869
2195.52 384.364
2235.02 379.81
2250.03 531.535
2250.37 534.21
2252.52 536.257
2253.49 538.764
2258.08 547.862
2260.39 558.033
2260.34 568.057
2260.27 574.949
2260.73 583.417
2259.24 590.898
2257.67 598.749
2253.97 605.514
2245.26 608.233
2242.93 609
2240.37 609.945
2237.9 609.235
2234.48 607.409
2232.42 603.917
2230.86 600.544
2226.28 589.276
2227.15 576.709
2228.72 564.916
2230.67 552.662
2240.85 521.356
2240.85 521.356
2244.62 524.919
2247.75 529.156
2250.54 533.539
2250 532.194
2250 532.196
1368.37 434.729
1378.6 424.503
1405.1 414.604
1426.34 414.604
1445.36 414.16
1454.52 418.446
1451.62 436.604
1450.03 446.669
1408.92 494.935
1360.74 544.073
1347.57 557.916
1333.73 570.94
1321.4 585.541
1318.29 589.213
1315.5 593.124
1313.62 597.541
1313.61 597.541
1313.6 597.541
1313.59 597.541
1308.1 609.127
1317.63 623.511
1330.12 624.354
1416.48 624.403
1502.5 610.674
1588.96 609.916
1598.14 610.128
1606.53 602.102
1606.27 592.823
1606.52 583.547
1598.15 575.519
1588.96 575.698
1513.53 575.393
1440.78 586.696
1365.68 588.604
1414.17 537.797
1481.27 473.462
1485.77 441.948
1491.52 405.016
1468.47 379.418
1425.93 380.01
1396.35 380.858
1366 389.942
1343.68 410.041
1340.52 413.398
1338.65 417.947
1338.71 422.573
1338.04 437.449
1358.48 445.698
1632.07 546.354
1634.37 620.809
1678.47 663.829
1743.22 651.291
1774.25 645.505
1814.95 615.728
1842.91 579.479
1862.54 553.252
1873.14 526.879
1873.19 503.479
1874.12 472.4
1851.74 445.547
1823.35 435.385
1799.08 425.709
1772.04 425.297
1746.94 422.948
1737.73 421.975
1728.67 429.155
1728.03 438.51
1726.82 447.759
1734.38 456.39
1743.41 457.51
1755.91 458.656
1768.53 459.076
1781.07 460.573
1826.22 466.379
1843.46 484.381
1837.35 514.291
1832.2 541.025
1807.35 574.075
1775.78 597.573
1760.77 608.768
1747.78 615.296
1736.85 617.198
1690.95 626.224
1668.14 597.549
1666.66 545.385
1665.18 494.595
1688.27 439.057
1718.6 421.698
1726.97 417.498
1730.3 406.038
1725.19 398.104
1720.68 390.154
1709.63 386.729
1701.72 391.573
1658.97 415.777
1630.45 482.267
1928.37 434.729
1938.6 424.503
1965.1 414.604
1986.34 414.604
2005.36 414.16
2014.52 418.446
2011.62 436.604
2010.03 446.669
1968.92 494.935
1920.74 544.073
1907.57 557.916
1893.73 570.94
1881.4 585.541
1878.29 589.213
1875.5 593.124
1873.62 597.541
1873.61 597.541
1873.6 597.541
1873.59 597.541
1868.1 609.127
1877.63 623.511
1890.12 624.354
1976.48 624.403
2062.5 610.674
2148.96 609.916
2158.14 610.128
2166.53 602.102
2166.27 592.823
2166.52 583.547
2158.15 575.519
2148.96 575.698
2073.53 575.393
2000.78 586.696
1925.68 588.604
1974.17 537.797
2041.27 473.462
2045.77 441.948
2051.52 405.016
2028.47 379.418
1985.93 380.01
1956.35 380.858
1926 389.942
1903.68 410.041
1900.52 413.398
1898.65 417.947
1898.71 422.573
1898.04 437.449
1918.48 445.698
2224.03 20.0513
2190.75 20.991
2156.92 26.1206
2126.62 40.5825
2118.14 44.2321
2114.63 55.1948
2118.66 63.3325
2122.35 71.9298
2133.31 75.7637
2141.69 71.8013
2167.52 59.277
2196.56 55.3638
2224.97 54.645
2236.83 54.473
2249.7 54.5989
2260.28 60.2388
2264.3 62.098
2266.99 66.3533
2267.28 70.6138
2268.85 94.8038
2255.18 117.268
2247.38 138.426
2247.39 138.426
2247.4 138.426
2247.41 138.426
2239.43 156.989
2230.94 175.14
2226.28 194.895
2218.19 229.173
2221.05 263.625
2223.91 298.333
2224.43 307.725
2233.7 315.162
2242.97 313.958
2252.29 313.314
2259.46 304.271
2258.53 295.083
2258.52 295.051666666667
2258.51 295.020333333333
2258.5 294.989
2255.45 264.051
2253.1 233.002
2259.94 202.364
2264.86 182.461
2274.06 163.574
2282.16 145.301
2292.47 119.781
2305.07 93.4855
2301.41 65.1763
2297.11 34.8783
2270.96 18.9746
1368.37 87.7088
1378.6 77.4829
1405.1 67.5841
1426.34 67.5838
1445.36 67.1396
1454.52 71.426
1451.62 89.5838
1450.03 99.6494
1408.92 147.915
1360.74 197.053
1347.57 210.896
1333.73 223.92
1321.4 238.521
1318.29 242.193
1315.5 246.104
1313.62 250.521
1313.61 250.521
1313.6 250.521
1313.59 250.521
1308.1 262.107
1317.63 276.491
1330.12 277.334
1416.48 277.383
1502.5 263.654
1588.96 262.896
1598.14 263.108
1606.53 255.082
1606.27 245.803
1606.52 236.527
1598.15 228.499
1588.96 228.678
1513.53 228.373
1440.78 239.676
1365.68 241.584
1414.17 190.777
1481.27 126.442
1485.77 94.9276
1491.52 57.9956
1468.47 32.3979
1425.93 32.9901
1396.35 33.8385
1366 42.9217
1343.68 63.0213
1340.52 66.3776
1338.65 70.927
1338.71 75.5526
1338.04 90.4287
1358.48 98.6778
1632.07 199.334
1634.37 273.789
1678.47 316.809
1743.22 304.271
1774.25 298.485
1814.95 268.708
1842.91 232.459
1862.54 206.232
1873.14 179.859
1873.19 156.459
1874.12 125.38
1851.74 98.527
1823.35 88.3651
1799.08 78.6894
1772.04 78.2769
1746.94 75.9276
1737.73 74.9555
1728.67 82.1354
1728.03 91.4901
1726.82 100.739
1734.38 109.37
1743.41 110.49
1755.91 111.636
1768.53 112.056
1781.07 113.553
1826.22 119.359
1843.46 137.361
1837.35 167.271
1832.2 194.005
1807.35 227.055
1775.78 250.553
1760.77 261.748
1747.78 268.276
1736.85 270.178
1690.95 279.204
1668.14 250.529
1666.66 198.365
1665.18 147.575
1688.27 92.0366
1718.6 74.6776
1726.97 70.4783
1730.3 59.0181
1725.19 51.0838
1720.68 43.1345
1709.63 39.7094
1701.72 44.5526
1658.97 68.7569
1630.45 135.247
1928.37 87.7088
1938.6 77.4829
1965.1 67.5841
1986.34 67.5838
2005.36 67.1396
2014.52 71.426
2011.62 89.5838
2010.03 99.6494
1968.92 147.915
1920.74 197.053
1907.57 210.896
1893.73 223.92
1881.4 238.521
1878.29 242.193
1875.5 246.104
1873.62 250.521
1873.61 250.521
1873.6 250.521
1873.59 250.521
1868.1 262.107
1877.63 276.491
1890.12 277.334
1976.48 277.383
2062.5 263.654
2148.96 262.896
2158.14 263.108
2166.53 255.082
2166.27 245.803
2166.52 236.527
2158.15 228.499
2148.96 228.678
2073.53 228.373
2000.78 239.676
1925.68 241.584
1974.17 190.777
2041.27 126.442
2045.77 94.9276
2051.52 57.9956
2028.47 32.3979
1985.93 32.9901
1956.35 33.8385
1926 42.9217
1903.68 63.0213
1900.52 66.3776
1898.65 70.927
1898.71 75.5526
1898.04 90.4287
1918.48 98.6778
2365.5 38.461
2358.05 63.6656
2353.81 96.3026
2352.79 136.398
2352.53 148.882
2352.53 166.894
2352.79 190.492
2352.79 207.359
2352.79 207.36
2352.79 217.43
2352.46 226.854
2360.95 235.004
2370.29 234.742
2379.62 235.084
2387.8 226.743
2387.41 217.43
2387.41 207.296
2387.41 207.313
2387.41 190.086
2387.16 166.775
2387.16 149.191
2387.41 137.336
2388.41 100.194
2392.28 70.5251
2399 48.3672
2400.36 44.0158
2399.82 39.1272
2397.54 35.1797
2394.24 29.1041
2387.3 25.5074
2380.5 26.0547
2373.63 26.714
2367.57 31.936
2354.38 274.43
2353.76 275.047
2353.59 275.974
2353.41 276.805
2353.29 277.786
2352.81 278.657
2352.72 279.648
2352.69 279.637666666667
2352.66 279.627333333333
2352.63 279.617
2352.5 280.014
2352.53 280.434
2352.44 280.836
2352.28 281.46
2352.13 282.118
2352.1 282.773
2352.09 282.773
2352.08 282.773
2352.07 282.773
2352.08 282.911
2352.06 283.044
2352.04 283.18
2352.05 283.18
2352.06 283.18
2352.07 283.18
2351.8 286.236
2352.35 289.452
2353.6 292.18
2357.34 300.552
2367.78 304.118
2376.07 300.992
2377.17 300.429
2378.19 299.694
2379.29 299.086
2379.77 298.928
2380.21 298.649
2380.66 298.367
2380.38 298.478
2380.04 298.582
2379.63 298.586
2380.45 298.58
2381.24 298.315
2381.91 297.836
2383.35 296.809
2384.89 295.824
2386.44 295.055
2394.63 290.964
2398.94 280.084
2394.16 271.867
2394.17 271.867
2394.18 271.867
2394.19 271.867
2390.75 264.59
2381.61 260.372
2374.04 263.117
2365.85 261.211
2356.54 266.083
2365.5 38.461
2358.05 63.6656
2353.81 96.3026
2352.79 136.398
2352.53 148.882
2352.53 166.894
2352.79 190.492
2352.79 207.359
2352.79 207.36
2352.79 217.43
2352.46 226.854
2360.95 235.004
2370.29 234.742
2379.62 235.084
2387.8 226.743
2387.41 217.43
2387.41 207.296
2387.41 207.313
2387.41 190.086
2387.16 166.775
2387.16 149.191
2387.41 137.336
2388.41 100.194
2392.28 70.5251
2399 48.3672
2400.36 44.0158
2399.82 39.1272
2397.54 35.1797
2394.24 29.1041
2387.3 25.5074
2380.5 26.0547
2373.63 26.714
2367.57 31.936
2354.38 274.43
2353.76 275.047
2353.59 275.974
2353.41 276.805
2353.29 277.786
2352.81 278.657
2352.72 279.648
2352.69 279.637666666667
2352.66 279.627333333333
2352.63 279.617
2352.5 280.014
2352.53 280.434
2352.44 280.836
2352.28 281.46
2352.13 282.118
2352.1 282.773
2352.09 282.773
2352.08 282.773
2352.07 282.773
2352.08 282.911
2352.06 283.044
2352.04 283.18
2352.05 283.18
2352.06 283.18
2352.07 283.18
2351.8 286.236
2352.35 289.452
2353.6 292.18
2357.34 300.552
2367.78 304.118
2376.07 300.992
2377.17 300.429
2378.19 299.694
2379.29 299.086
2379.77 298.928
2380.21 298.649
2380.66 298.367
2380.38 298.478
2380.04 298.582
2379.63 298.586
2380.45 298.58
2381.24 298.315
2381.91 297.836
2383.35 296.809
2384.89 295.824
2386.44 295.055
2394.63 290.964
2398.94 280.084
2394.16 271.867
2394.17 271.867
2394.18 271.867
2394.19 271.867
2390.75 264.59
2381.61 260.372
2374.04 263.117
2365.85 261.211
2356.54 266.083
905.875 889.9
909.593 900.809
914.661 910.322
921 918.494
920.019 923.662
919.083 929.016
918.219 934.088
916.649 943.418
923.874 952.793
933.25 953.807
941.771 955.22
950.331 949.207
952.312 940.9
953.847 941.499
955.401 942.191
956.937 942.682
1010.44 955.448
1053.42 905.55
1066.66 858.994
1069.98 848.67
1071.84 837.415
1070.97 826.775
1069.76 799.488
1051.1 783.924
1024.84 788.557
1013.01 790.976
999.89 797.289
985.281 807.463
963.39 822.276
946.148 844.623
935.687 868.119
928.574 833.958
938.213 786.164
958.375 761.182
968.62 748.375
979.831 743.18
992.406 745.119
1001.61 747.336
1011.44 740.285
1012.44 730.9
1014.03 721.778
1007.39 712.473
998.219 711.057
995.065 710.56
991.882 710.186
988.687 710.088
965.9 708.791
944.883 722.001
931.281 739.432
901.422 777.146
890.233 842.979
1036.75 828.838
1036.92 840.731
1033.04 851.838
1028.59 862.65
1028.2 864.641
1028.2 864.649
1028.31 864.932
1028.2 864.666
1028.18 864.647
1028.56 862.682
1023.14 874.648
1015.8 886.245
1006.2 895.216
1000.2 900.819
993.32 905.397
985.469 908.4
976.855 911.304
967.229 910.844
959.219 906.432
966.508 875.326
984.376 846.494
1012.81 830.713
1019.26 826.973
1026.26 823.204
1033.62 822.338
1034.15 822.314
1034.66 822.451
1035.16 822.557
1036.32 824.411
1036.44 826.707
76.3687 766.088
86.5951 755.862
113.098 745.963
134.337 745.963
153.363 745.519
162.519 749.805
159.619 767.963
158.025 778.028
116.923 826.294
68.7437 875.432
55.5727 889.276
41.7282 902.299
29.4 916.9
26.2906 920.572
23.5039 924.483
21.6187 928.9
21.6083 928.9
21.5979 928.9
21.5875 928.9
16.0979 940.486
25.6331 954.87
38.1187 955.713
124.484 955.762
210.503 942.033
296.962 941.275
306.142 941.487
314.525 933.461
314.275 924.182
314.523 914.906
306.145 906.878
296.962 907.057
221.533 906.752
148.783 918.055
73.6812 919.963
122.172 869.156
189.27 804.821
193.775 773.307
199.516 736.375
176.473 710.777
133.931 711.369
104.352 712.218
74.0012 721.301
51.6812 741.4
48.5249 744.757
46.6452 749.306
46.7125 753.932
46.0413 768.808
66.4844 777.057
326.596 877.713
328.902 952.169
372.998 995.188
437.753 982.65
468.786 976.865
509.476 947.087
537.44 910.838
557.07 884.611
567.672 858.238
567.721 834.838
568.654 803.759
546.274 776.906
517.878 766.744
493.607 757.068
466.575 756.656
441.471 754.307
432.264 753.335
423.197 760.515
422.565 769.869
421.35 779.118
428.906 787.749
437.94 788.869
450.438 790.016
463.061 790.435
475.596 791.932
520.751 797.738
537.986 815.74
531.878 845.65
526.727 872.385
501.881 905.434
470.315 928.932
455.306 940.127
442.307 946.656
431.378 948.557
385.482 957.583
362.671 928.908
361.19 876.744
359.711 825.954
382.801 770.416
413.128 753.057
421.498 748.857
424.835 737.397
419.721 729.463
415.211 721.514
404.164 718.089
396.253 722.932
353.5 747.136
324.976 813.627
636.369 766.088
646.595 755.862
673.098 745.963
694.337 745.963
713.363 745.519
722.519 749.805
719.619 767.963
718.025 778.028
676.923 826.294
628.744 875.432
615.573 889.276
601.728 902.299
589.4 916.9
586.291 920.572
583.504 924.483
581.619 928.9
581.608333333333 928.9
581.597666666667 928.9
581.587 928.9
576.098 940.486
585.633 954.87
598.119 955.713
684.484 955.762
770.503 942.033
856.962 941.275
866.142 941.487
874.525 933.461
874.275 924.182
874.523 914.906
866.145 906.878
856.962 907.057
781.533 906.752
708.783 918.055
633.681 919.963
682.172 869.156
749.27 804.821
753.775 773.307
759.516 736.375
736.473 710.777
693.931 711.369
664.352 712.218
634.001 721.301
611.681 741.4
608.525 744.757
606.645 749.306
606.712 753.932
606.041 768.808
626.484 777.057
1129.63 712.461
1122.18 737.666
1117.94 770.303
1116.92 810.398
1116.66 822.882
1116.66 840.894
1116.92 864.492
1116.92 881.359
1116.92 881.36
1116.92 891.43
1116.59 900.854
1125.08 909.004
1134.42 908.742
1143.75 909.084
1151.93 900.743
1151.54 891.43
1151.54 881.296
1151.54 881.313
1151.54 864.086
1151.29 840.775
1151.29 823.191
1151.54 811.336
1152.54 774.194
1156.41 744.525
1163.13 722.367
1164.49 718.016
1163.95 713.127
1161.67 709.18
1158.37 703.104
1151.43 699.507
1144.63 700.055
1137.76 700.714
1131.7 705.936
1118.51 948.43
1117.89 949.047
1117.72 949.974
1117.54 950.805
1117.42 951.786
1116.94 952.657
1116.85 953.648
1116.82 953.637666666667
1116.79 953.627333333333
1116.76 953.617
1116.63 954.014
1116.66 954.434
1116.57 954.836
1116.41 955.46
1116.26 956.118
1116.23 956.773
1116.22 956.773
1116.21 956.773
1116.2 956.773
1116.21 956.911
1116.19 957.044
1116.17 957.18
1116.18 957.18
1116.19 957.18
1116.2 957.18
1115.93 960.236
1116.48 963.452
1117.73 966.18
1121.47 974.552
1131.91 978.118
1140.2 974.992
1141.3 974.429
1142.32 973.694
1143.42 973.086
1143.9 972.928
1144.34 972.649
1144.79 972.367
1144.51 972.478
1144.17 972.582
1143.76 972.586
1144.58 972.58
1145.37 972.315
1146.04 971.836
1147.48 970.809
1149.02 969.824
1150.57 969.055
1158.76 964.964
1163.07 954.084
1158.29 945.867
1158.3 945.867
1158.31 945.867
1158.32 945.867
1154.88 938.59
1145.74 934.372
1138.17 937.117
1129.98 935.211
1120.67 940.083
1129.63 712.461
1122.18 737.666
1117.94 770.303
1116.92 810.398
1116.66 822.882
1116.66 840.894
1116.92 864.492
1116.92 881.359
1116.92 881.36
1116.92 891.43
1116.59 900.854
1125.08 909.004
1134.42 908.742
1143.75 909.084
1151.93 900.743
1151.54 891.43
1151.54 881.296
1151.54 881.313
1151.54 864.086
1151.29 840.775
1151.29 823.191
1151.54 811.336
1152.54 774.194
1156.41 744.525
1163.13 722.367
1164.49 718.016
1163.95 713.127
1161.67 709.18
1158.37 703.104
1151.43 699.507
1144.63 700.055
1137.76 700.714
1131.7 705.936
1118.51 948.43
1117.89 949.047
1117.72 949.974
1117.54 950.805
1117.42 951.786
1116.94 952.657
1116.85 953.648
1116.82 953.637666666667
1116.79 953.627333333333
1116.76 953.617
1116.63 954.014
1116.66 954.434
1116.57 954.836
1116.41 955.46
1116.26 956.118
1116.23 956.773
1116.22 956.773
1116.21 956.773
1116.2 956.773
1116.21 956.911
1116.19 957.044
1116.17 957.18
1116.18 957.18
1116.19 957.18
1116.2 957.18
1115.93 960.236
1116.48 963.452
1117.73 966.18
1121.47 974.552
1131.91 978.118
1140.2 974.992
1141.3 974.429
1142.32 973.694
1143.42 973.086
1143.9 972.928
1144.34 972.649
1144.79 972.367
1144.51 972.478
1144.17 972.582
1143.76 972.586
1144.58 972.58
1145.37 972.315
1146.04 971.836
1147.48 970.809
1149.02 969.824
1150.57 969.055
1158.76 964.964
1163.07 954.084
1158.29 945.867
1158.3 945.867
1158.31 945.867
1158.32 945.867
1154.88 938.59
1145.74 934.372
1138.17 937.117
1129.98 935.211
1120.67 940.083
980.568 414.76
977.498 415.651
974.348 416.548
971.224 417.01
950.425 422.276
934.521 426.353
922.505 429.541
922.505 429.551666666667
922.505 429.562333333333
922.505 429.573
913.369 431.359
907.503 441.485
909.974 450.354
912.004 459.406
921.898 465.291
930.849 463.166
936.926 461.472
943.07 460.006
949.193 458.479
946.477 468.664
955.246 479.335
965.724 478.823
1012.12 480.79
1066.03 504.065
1085.29 529.323
1090.49 535.313
1094.43 545.11
1087.72 551.635
1077.57 563.683
1053.47 573.503
1015.51 580.698
986.989 585.74
956.742 590.443
929.349 577.948
921.019 573.843
910.087 578.023
906.599 586.635
902.466 595.099
906.664 606.227
915.536 609.604
949.31 625.12
986.621 621.478
1021.94 614.416
1054.61 607.941
1091.03 599.538
1114.01 574.198
1130.28 553.591
1129.65 530.085
1112.91 508.479
1091.17 479.492
1041.62 455
993.63 447.166
1034.56 437.028
1065.71 428.99
1086.47 423.198
1095.51 420.973
1101.27 410.8
1098.38 401.916
1096.24 392.889
1085.7 387.136
1077.1 390.041
1045.26 398.938
1011.77 407.178
76.3687 434.729
86.5951 424.503
113.098 414.604
134.337 414.604
153.363 414.16
162.519 418.446
159.619 436.604
158.025 446.669
116.923 494.935
68.7437 544.073
55.5727 557.916
41.7282 570.94
29.4 585.541
26.2906 589.213
23.5039 593.124
21.6187 597.541
21.6083 597.541
21.5979 597.541
21.5875 597.541
16.0979 609.127
25.6331 623.511
38.1187 624.354
124.484 624.403
210.503 610.674
296.962 609.916
306.142 610.128
314.525 602.102
314.275 592.823
314.523 583.547
306.145 575.519
296.962 575.698
221.533 575.393
148.783 586.696
73.6812 588.604
122.172 537.797
189.27 473.462
193.775 441.948
199.516 405.016
176.473 379.418
133.931 380.01
104.352 380.858
74.0012 389.942
51.6812 410.041
48.5249 413.398
46.6452 417.947
46.7125 422.573
46.0414 437.449
66.4844 445.698
326.596 546.354
328.902 620.81
372.998 663.829
437.753 651.291
468.786 645.505
509.476 615.728
537.44 579.479
557.07 553.252
567.672 526.879
567.721 503.479
568.654 472.4
546.274 445.547
517.878 435.385
493.607 425.709
466.575 425.297
441.471 422.948
432.264 421.975
423.197 429.155
422.565 438.51
421.35 447.759
428.906 456.39
437.94 457.51
450.438 458.656
463.061 459.076
475.596 460.573
520.751 466.379
537.986 484.381
531.878 514.291
526.727 541.025
501.881 574.075
470.315 597.573
455.306 608.768
442.307 615.296
431.378 617.198
385.482 626.224
362.671 597.549
361.19 545.385
359.711 494.595
382.801 439.057
413.128 421.698
421.498 417.498
424.835 406.038
419.721 398.104
415.211 390.154
404.164 386.729
396.253 391.573
353.5 415.777
324.976 482.267
636.369 434.729
646.595 424.503
673.098 414.604
694.337 414.604
713.363 414.16
722.519 418.446
719.619 436.604
718.025 446.669
676.923 494.935
628.744 544.073
615.573 557.916
601.728 570.94
589.4 585.541
586.291 589.213
583.504 593.124
581.619 597.541
581.608333333333 597.541
581.597666666667 597.541
581.587 597.541
576.098 609.127
585.633 623.511
598.119 624.354
684.484 624.403
770.503 610.674
856.962 609.916
866.142 610.128
874.525 602.102
874.275 592.823
874.523 583.547
866.145 575.519
856.962 575.698
781.533 575.393
708.783 586.696
633.681 588.604
682.172 537.797
749.27 473.462
753.775 441.948
759.516 405.016
736.473 379.418
693.931 380.01
664.352 380.858
634.001 389.942
611.681 410.041
608.525 413.398
606.645 417.947
606.712 422.573
606.041 437.449
626.484 445.698
1183.5 392.461
1176.05 417.666
1171.81 450.303
1170.79 490.398
1170.53 502.882
1170.53 520.894
1170.79 544.492
1170.79 561.359
1170.79 561.36
1170.79 571.43
1170.46 580.854
1178.95 589.004
1188.29 588.742
1197.62 589.084
1205.8 580.743
1205.41 571.43
1205.41 561.296
1205.41 561.313
1205.41 544.086
1205.16 520.775
1205.16 503.191
1205.41 491.336
1206.41 454.194
1210.28 424.525
1217 402.367
1218.36 398.016
1217.82 393.127
1215.54 389.18
1212.24 383.104
1205.3 379.507
1198.5 380.055
1191.63 380.714
1185.57 385.936
1172.38 628.43
1171.76 629.047
1171.59 629.974
1171.41 630.805
1171.29 631.786
1170.81 632.657
1170.72 633.648
1170.69 633.637666666667
1170.66 633.627333333333
1170.63 633.617
1170.5 634.014
1170.53 634.434
1170.44 634.836
1170.28 635.46
1170.13 636.118
1170.1 636.773
1170.09 636.773
1170.08 636.773
1170.07 636.773
1170.08 636.911
1170.06 637.044
1170.04 637.18
1170.05 637.18
1170.06 637.18
1170.07 637.18
1169.8 640.236
1170.35 643.452
1171.6 646.18
1175.34 654.552
1185.78 658.118
1194.07 654.992
1195.17 654.429
1196.19 653.694
1197.29 653.086
1197.77 652.928
1198.21 652.649
1198.66 652.367
1198.38 652.478
1198.04 652.582
1197.63 652.586
1198.45 652.58
1199.24 652.315
1199.91 651.836
1201.35 650.809
1202.89 649.824
1204.44 649.055
1212.63 644.964
1216.94 634.084
1212.16 625.867
1212.17 625.867
1212.18 625.867
1212.19 625.867
1208.75 618.59
1199.61 614.372
1192.04 617.117
1183.85 615.211
1174.54 620.083
1183.5 392.461
1176.05 417.666
1171.81 450.303
1170.79 490.398
1170.53 502.882
1170.53 520.894
1170.79 544.492
1170.79 561.359
1170.79 561.36
1170.79 571.43
1170.46 580.854
1178.95 589.004
1188.29 588.742
1197.62 589.084
1205.8 580.743
1205.41 571.43
1205.41 561.296
1205.41 561.313
1205.41 544.086
1205.16 520.775
1205.16 503.191
1205.41 491.336
1206.41 454.194
1210.28 424.525
1217 402.367
1218.36 398.016
1217.82 393.127
1215.54 389.18
1212.24 383.104
1205.3 379.507
1198.5 380.055
1191.63 380.714
1185.57 385.936
1172.38 628.43
1171.76 629.047
1171.59 629.974
1171.41 630.805
1171.29 631.786
1170.81 632.657
1170.72 633.648
1170.69 633.637666666667
1170.66 633.627333333333
1170.63 633.617
1170.5 634.014
1170.53 634.434
1170.44 634.836
1170.28 635.46
1170.13 636.118
1170.1 636.773
1170.09 636.773
1170.08 636.773
1170.07 636.773
1170.08 636.911
1170.06 637.044
1170.04 637.18
1170.05 637.18
1170.06 637.18
1170.07 637.18
1169.8 640.236
1170.35 643.452
1171.6 646.18
1175.34 654.552
1185.78 658.118
1194.07 654.992
1195.17 654.429
1196.19 653.694
1197.29 653.086
1197.77 652.928
1198.21 652.649
1198.66 652.367
1198.38 652.478
1198.04 652.582
1197.63 652.586
1198.45 652.58
1199.24 652.315
1199.91 651.836
1201.35 650.809
1202.89 649.824
1204.44 649.055
1212.63 644.964
1216.94 634.084
1212.16 625.867
1212.17 625.867
1212.18 625.867
1212.19 625.867
1208.75 618.59
1199.61 614.372
1192.04 617.117
1183.85 615.211
1174.54 620.083
925.746 29.1482
925.102 29.6676
924.545 30.3132
924.527 31.1794
924.289 31.611
924.075 32.0466
923.965 32.5232
913.087 54.7933
905.273 71.6952
900.465 83.3357
892.055 102.957
885.894 121.438
882.027 138.711
879.646 149.309
878.669 160.602
883.027 170.836
890.617 190.151
914.129 193.437
931.871 188.742
942.797 186.652
953.3 182.998
963.496 179.054
964.958 218.941
969.01 260.927
975.808 305.117
976.9 314.298
986.29 321.032
995.34 319.492
1004.71 318.532
1011.57 308.997
1009.96 299.804
1003.25 255.683
998.952 209.745
997.621 166.086
1006.88 164.275
1013.2 153.715
1010.25 144.711
1008.8 138.409
1003.45 133.595
997.183 132.429
997.825 98.6743
1000.68 68.8115
1005.78 43.0857
1007.97 34.0062
1001.32 24.3818
992.183 22.8357
983.12 20.5875
973.381 27.0077
971.683 36.1482
965.682 66.6498
962.69 102.02
962.558 142.242
960.14 143.27
957.622 144.347
957.058 144.617
932.814 153.973
921.375 156.638
914.621 155.898
913.723 147.444
922.374 119.949
932.183 96.6482
936.981 85.5388
944.695 68.9718
955.246 47.1169
955.508 46.5746
955.652 45.9692
955.652 45.3669
955.669 45.798
955.545 46.2268
955.402 46.6169
955.891 45.8842
956.13 45.0606
956.277 44.2107
961.86 33.7909
952.912 20.2495
941.59 20.0232
935.146 19.6714
928.635 23.3517
76.3687 87.7107
86.5951 77.4847
113.097 67.5859
134.337 67.5857
153.363 67.1415
162.519 71.4279
159.619 89.5857
158.025 99.6513
116.923 147.917
68.7437 197.054
55.5726 210.898
41.7282 223.922
29.3999 238.523
26.2905 242.195
23.5038 246.105
21.6187 250.523
21.6082666666667 250.523
21.5978333333333 250.523
21.5874 250.523
16.0978 262.109
25.6331 276.493
38.1187 277.336
124.484 277.385
210.503 263.656
296.962 262.898
306.142 263.11
314.525 255.084
314.275 245.804
314.523 236.529
306.145 228.501
296.962 228.679
221.533 228.375
148.783 239.678
73.6812 241.586
122.172 190.779
189.27 126.444
193.775 94.9295
199.515 57.9974
176.473 32.3998
133.931 32.9919
104.352 33.8403
74.0012 42.9236
51.6812 63.0232
48.5249 66.3795
46.6451 70.9288
46.7124 75.5545
46.0413 90.4305
66.4844 98.6797
326.596 199.336
328.902 273.791
372.998 316.811
437.753 304.273
468.786 298.487
509.476 268.71
537.44 232.461
557.07 206.234
567.672 179.861
567.721 156.461
568.654 125.382
546.274 98.5289
517.878 88.367
493.607 78.6913
466.575 78.2788
441.471 75.9295
432.264 74.9574
423.197 82.1373
422.565 91.492
421.35 100.741
428.906 109.372
437.94 110.492
450.437 111.638
463.061 112.058
475.596 113.554
520.751 119.361
537.986 137.363
531.878 167.273
526.727 194.007
501.881 227.057
470.315 250.554
455.306 261.75
442.307 268.278
431.378 270.179
385.482 279.206
362.671 250.531
361.19 198.367
359.711 147.577
382.801 92.0385
413.128 74.6795
421.498 70.4802
424.835 59.02
419.721 51.0857
415.211 43.1364
404.164 39.7113
396.253 44.5544
353.5 68.7588
324.976 135.249
636.369 87.7107
646.595 77.4847
673.097 67.5859
694.337 67.5857
713.363 67.1415
722.518 71.4279
719.619 89.5857
718.025 99.6513
676.923 147.917
628.744 197.054
615.573 210.898
601.728 223.922
589.4 238.523
586.291 242.195
583.504 246.105
581.619 250.523
581.608333333333 250.523
581.597666666667 250.523
581.587 250.523
576.098 262.109
585.633 276.493
598.119 277.336
684.484 277.385
770.503 263.656
856.962 262.898
866.142 263.11
874.525 255.084
874.275 245.804
874.523 236.529
866.145 228.501
856.962 228.679
781.533 228.375
708.783 239.678
633.681 241.586
682.172 190.779
749.27 126.444
753.775 94.9295
759.515 57.9974
736.473 32.3998
693.931 32.9919
664.352 33.8403
634.001 42.9236
611.681 63.0232
608.525 66.3795
606.645 70.9288
606.712 75.5545
606.041 90.4305
626.484 98.6797
1087.63 38.461
1080.18 63.6656
1075.94 96.3026
1074.92 136.398
1074.66 148.882
1074.66 166.894
1074.92 190.492
1074.92 207.359
1074.92 207.36
1074.92 217.43
1074.59 226.854
1083.08 235.004
1092.42 234.742
1101.75 235.084
1109.93 226.743
1109.54 217.43
1109.54 207.296
1109.54 207.313
1109.54 190.086
1109.29 166.775
1109.29 149.191
1109.54 137.336
1110.54 100.194
1114.41 70.5251
1121.13 48.3672
1122.49 44.0158
1121.95 39.1272
1119.67 35.1797
1116.37 29.1041
1109.43 25.5074
1102.63 26.0547
1095.76 26.714
1089.7 31.936
1076.51 274.43
1075.89 275.047
1075.72 275.974
1075.54 276.805
1075.42 277.786
1074.94 278.657
1074.85 279.648
1074.82 279.637666666667
1074.79 279.627333333333
1074.76 279.617
1074.63 280.014
1074.66 280.434
1074.57 280.836
1074.41 281.46
1074.26 282.118
1074.23 282.773
1074.22 282.773
1074.21 282.773
1074.2 282.773
1074.21 282.911
1074.19 283.044
1074.17 283.18
1074.18 283.18
1074.19 283.18
1074.2 283.18
1073.93 286.236
1074.48 289.452
1075.73 292.18
1079.47 300.552
1089.91 304.118
1098.2 300.992
1099.3 300.429
1100.32 299.694
1101.42 299.086
1101.9 298.928
1102.34 298.649
1102.79 298.367
1102.51 298.478
1102.17 298.582
1101.76 298.586
1102.58 298.58
1103.37 298.315
1104.04 297.836
1105.48 296.809
1107.02 295.824
1108.57 295.055
1116.76 290.964
1121.07 280.084
1116.29 271.867
1116.3 271.867
1116.31 271.867
1116.32 271.867
1112.88 264.59
1103.74 260.372
1096.17 263.117
1087.98 261.211
1078.67 266.083
1087.63 38.461
1080.18 63.6656
1075.94 96.3026
1074.92 136.398
1074.66 148.882
1074.66 166.894
1074.92 190.492
1074.92 207.359
1074.92 207.36
1074.92 217.43
1074.59 226.854
1083.08 235.004
1092.42 234.742
1101.75 235.084
1109.93 226.743
1109.54 217.43
1109.54 207.296
1109.54 207.313
1109.54 190.086
1109.29 166.775
1109.29 149.191
1109.54 137.336
1110.54 100.194
1114.41 70.5251
1121.13 48.3672
1122.49 44.0158
1121.95 39.1272
1119.67 35.1797
1116.37 29.1041
1109.43 25.5074
1102.63 26.0547
1095.76 26.714
1089.7 31.936
1076.51 274.43
1075.89 275.047
1075.72 275.974
1075.54 276.805
1075.42 277.786
1074.94 278.657
1074.85 279.648
1074.82 279.637666666667
1074.79 279.627333333333
1074.76 279.617
1074.63 280.014
1074.66 280.434
1074.57 280.836
1074.41 281.46
1074.26 282.118
1074.23 282.773
1074.22 282.773
1074.21 282.773
1074.2 282.773
1074.21 282.911
1074.19 283.044
1074.17 283.18
1074.18 283.18
1074.19 283.18
1074.2 283.18
1073.93 286.236
1074.48 289.452
1075.73 292.18
1079.47 300.552
1089.91 304.118
1098.2 300.992
1099.3 300.429
1100.32 299.694
1101.42 299.086
1101.9 298.928
1102.34 298.649
1102.79 298.367
1102.51 298.478
1102.17 298.582
1101.76 298.586
1102.58 298.58
1103.37 298.315
1104.04 297.836
1105.48 296.809
1107.02 295.824
1108.57 295.055
1116.76 290.964
1121.07 280.084
1116.29 271.867
1116.3 271.867
1116.31 271.867
1116.32 271.867
1112.88 264.59
1103.74 260.372
1096.17 263.117
1087.98 261.211
1078.67 266.083
