3187.69 103.312
3260.958618 -23.919465
3012.162239 50.432373
3093.909932 81.13438
3093.909932 81.13438
3102.972389 84.53797
3146.248239 44.68087
3172.82 66.6562
3172.82 66.6562
3171.802925 79.556456
3155.671782 89.944381
3147.13 94.6562
3147.13 94.6562
3147.13 94.666633
3147.13 94.677067
3147.13 94.6875
3147.13 94.6875
3142.04 97.0884
3136.38 99.0214
3132.76 103.469
3132.76 103.469
3132.75 103.458667
3132.74 103.448333
3132.73 103.438
3132.73 103.438
3132.605541 103.599637
3132.495917 103.751911
3132.35 103.875
3132.35 103.875
3132.36 103.885333
3132.37 103.895667
3132.38 103.906
3132.38 103.906
3106.758553 129.772908
3164.930287 137.518341
3190.973997 135.95343
3190.973997 135.95343
3328.793345 127.67216
3159.756232 298.847434
3083.768047 261.184277
3083.768047 261.184277
3065.801341 252.279171
3050.965369 275.678094
3066.497392 287.679867
3066.497392 287.679867
3119.394304 328.553919
3277.989672 246.820933
3275.590054 152.714361
3275.590054 152.714361
3274.933261 126.956672
3216.131499 95.572241
3187.69 103.312
3342.531922 408.234187
3342.973587 512.308332
3339.661175 564.82388
3354.39651 623.690903
3354.39651 623.690903
3359.662383 644.727834
3392.020772 635.51495
3387.663028 614.914362
3387.663028 614.914362
3375.368934 556.795859
3375.647604 513.735745
3378.555797 410.828755
3378.555797 410.828755
3379.573727 374.809114
3342.421632 382.245378
3342.531922 408.234187
3490.106343 369.555325
3461.702171 369.192701
3459.738325 482.683471
3462.353781 563.06667
3462.353781 563.06667
3463.024379 583.676769
3504.295828 589.05837
3498.056774 542.689516
3498.056774 542.689516
3482.745557 428.896056
3531.921944 370.089167
3490.106343 369.555325
3463.51 618.43
3462.409233 619.525441
3462.543315 621.613357
3461.85 623.648
3461.85 623.648
3461.82 623.637667
3461.79 623.627333
3461.76 623.617
3461.76 623.617
3461.621248 624.716792
3461.305837 625.711441
3461.23 626.773
3461.23 626.773
3461.22 626.773
3461.21 626.773
3461.2 626.773
3461.2 626.773
3461.21 626.911
3461.19 627.044
3461.17 627.18
3461.17 627.18
3461.18 627.18
3461.19 627.18
3461.2 627.18
3461.2 627.18
3460.038165 644.179991
3478.890011 650.914827
3489.79 642.367
3489.79 642.367
3489.51 642.478
3489.17 642.582
3488.76 642.586
3488.76 642.586
3499.804993 639.062335
3509.883794 627.20198
3503.29 615.867
3503.29 615.867
3503.3 615.867
3503.31 615.867
3503.32 615.867
3503.32 615.867
3499.88 608.59
3490.74 604.372
3483.17 607.117
3483.17 607.117
3474.98 605.211
3465.67 610.083
3463.51 618.43
3620.105942 25.555335
3591.702386 25.193109
3589.738183 138.683039
3592.353807 219.06674
3592.353807 219.06674
3593.024437 239.676644
3634.295913 245.058644
3628.056761 198.689065
3628.056761 198.689065
3612.745532 84.895532
3661.922335 26.088613
3620.105942 25.555335
3593.51 274.43
3592.409178 275.525496
3592.543301 277.613544
3591.85 279.648
3591.85 279.648
3591.82 279.637667
3591.79 279.627333
3591.76 279.617
3591.76 279.617
3591.627803 280.678419
3591.309525 281.696716
3591.23 282.773
3591.23 282.773
3591.22 282.773
3591.21 282.773
3591.2 282.773
3591.2 282.773
3591.21 282.911
3591.19 283.044
3591.17 283.18
3591.17 283.18
3591.18 283.18
3591.19 283.18
3591.2 283.18
3591.2 283.18
3590.038147 300.179749
3608.889687 306.914934
3619.79 298.367
3619.79 298.367
3619.51 298.478
3619.17 298.582
3618.76 298.586
3618.76 298.586
3629.804993 295.062335
3639.883794 283.20198
3633.29 271.867
3633.29 271.867
3633.3 271.867
3633.31 271.867
3633.32 271.867
3633.32 271.867
3629.88 264.59
3620.74 260.372
3613.17 263.117
3613.17 263.117
3604.98 261.211
3595.67 266.083
3593.51 274.43
3620.105942 25.555335
3591.702386 25.193109
3589.738183 138.683039
3592.353807 219.06674
3592.353807 219.06674
3593.024437 239.676644
3634.295913 245.058644
3628.056761 198.689065
3628.056761 198.689065
3612.745532 84.895532
3661.922335 26.088613
3620.105942 25.555335
3593.51 274.43
3592.409178 275.525496
3592.543301 277.613544
3591.85 279.648
3591.85 279.648
3591.82 279.637667
3591.79 279.627333
3591.76 279.617
3591.76 279.617
3591.627803 280.678419
3591.309525 281.696716
3591.23 282.773
3591.23 282.773
3591.22 282.773
3591.21 282.773
3591.2 282.773
3591.2 282.773
3591.21 282.911
3591.19 283.044
3591.17 283.18
3591.17 283.18
3591.18 283.18
3591.19 283.18
3591.2 283.18
3591.2 283.18
3590.038147 300.179749
3608.889687 306.914934
3619.79 298.367
3619.79 298.367
3619.51 298.478
3619.17 298.582
3618.76 298.586
3618.76 298.586
3629.804993 295.062335
3639.883794 283.20198
3633.29 271.867
3633.29 271.867
3633.3 271.867
3633.31 271.867
3633.32 271.867
3633.32 271.867
3629.88 264.59
3620.74 260.372
3613.17 263.117
3613.17 263.117
3604.98 261.211
3595.67 266.083
3593.51 274.43
2568.68 588.604
2618.647339 536.249069
2684.485656 472.051609
2689.613913 440.401236
2689.613913 440.401236
2701.411497 367.589376
2593.328261 365.6662
2547.226902 409.827709
2547.226902 409.827709
2530.322229 426.021069
2555.856239 450.998898
2570.944632 434.94749
2570.944632 434.94749
2587.171108 417.685362
2664.605077 397.883787
2654.772897 436.674429
2654.772897 436.674429
2650.989906 451.599364
2575.770105 528.290246
2516.62 597.541
2516.62 597.541
2516.61 597.541
2516.6 597.541
2516.59 597.541
2516.59 597.541
2511.1 609.127
2520.63 623.511
2533.12 624.354
2533.12 624.354
2619.71875 624.403135
2706.933446 610.545807
2792.929535 609.873103
2792.929535 609.873103
2814.004877 609.708241
2814.271882 575.874852
2792.708725 575.733272
2792.708725 575.733272
2717.94119 575.242361
2643.912209 586.692641
2568.68 588.604
2568.68 241.584
2618.647272 189.22914
2684.485446 125.031808
2689.613893 93.380938
2689.613893 93.380938
2701.411683 20.569363
2593.328675 18.646346
2547.226674 62.807957
2547.226674 62.807957
2530.322418 79.000728
2555.856194 103.978521
2570.944441 87.927444
2570.944441 87.927444
2587.170754 70.665678
2664.604892 50.86325
2654.772944 89.65421
2654.772944 89.65421
2650.989854 104.58001
2575.77109 181.268932
2516.62 250.521
2516.62 250.521
2516.61 250.521
2516.6 250.521
2516.59 250.521
2516.59 250.521
2511.1 262.107
2520.63 276.491
2533.12 277.334
2533.12 277.334
2619.71875 277.383135
2706.933446 263.525807
2792.929535 262.853103
2792.929535 262.853103
2814.004877 262.688241
2814.271882 228.854852
2792.708725 228.713272
2792.708725 228.713272
2717.94119 228.222361
2643.912209 239.672641
2568.68 241.584
3003.214351 271.693496
3142.86763 162.830557
3042.951276 53.202416
2935.928397 80.338393
2935.928397 80.338393
2922.804866 83.665904
2921.251461 113.051021
2957.618506 112.523237
2957.618506 112.523237
3091.774897 110.576264
3033.749887 221.740258
2954.124247 262.81193
2954.124247 262.81193
2839.126617 322.128814
2849.062305 107.326125
2917.571412 76.244448
2917.571412 76.244448
2937.709562 67.108036
2919.6886 39.134878
2909.489997 42.671271
2909.489997 42.671271
2779.227199 87.84026
2817.207013 416.690488
3003.214351 271.693496
3003.282203 618.440919
3142.674751 509.833611
3043.218134 400.087798
2935.988972 427.141485
2935.988972 427.141485
2922.745656 430.482746
2921.281904 459.864177
2957.542004 459.334656
2957.542004 459.334656
3090.469336 457.393466
3034.944918 566.247784
2956.373594 608.490071
2956.373594 608.490071
2838.991348 671.598266
2848.654253 454.613687
2917.443313 423.133729
2917.443313 423.133729
2937.800188 413.817806
2919.797664 385.914195
2909.35062 389.529345
2909.35062 389.529345
2779.466945 434.474961
2816.9798 763.597908
3003.282203 618.440919
3197.69 454.493
3270.967826 327.225515
3022.057452 401.64896
3103.982235 432.355278
3103.982235 432.355278
3112.866513 435.685204
3156.270078 395.878766
3182.82 417.837
3182.82 417.837
3181.803154 430.738016
3165.674343 441.120905
3157.13 445.837
3157.13 445.837
3157.13 445.847333
3157.13 445.857667
3157.13 445.868
3157.13 445.868
3152.04 448.269
3146.38 450.202
3142.76 454.649
3142.76 454.649
3142.75 454.638667
3142.74 454.628333
3142.73 454.618
3142.73 454.618
3142.605343 454.780802
3142.495563 454.931793
3142.35 455.056
3142.35 455.056
3142.36 455.066333
3142.37 455.076667
3142.38 455.087
3142.38 455.087
3116.573043 481.127733
3175.465066 488.65278
3201.617981 487.145726
3201.617981 487.145726
3338.340065 479.267157
3169.597822 649.939625
3093.839077 612.389364
3093.839077 612.389364
3075.630579 603.364216
3061.065429 626.912385
3076.492059 638.847562
3076.492059 638.847562
3129.364759 679.753775
3287.975364 598.011469
3285.592351 503.904285
3285.592351 503.904285
3284.940006 478.142614
3226.134877 446.75045
3197.69 454.493
3473.231422 271.661193
3612.710597 163.029297
3513.221075 53.26775
3405.988612 80.321204
3405.988612 80.321204
3392.747734 83.661717
3391.279881 113.044238
3427.543064 112.514744
3427.543064 112.514744
3561.549075 110.558068
3503.974785 221.28151
3424.581424 262.579311
3424.581424 262.579311
3309.064446 322.667423
3319.005307 107.450533
3387.528046 76.267057
3387.528046 76.267057
3407.666022 67.102623
3389.859298 39.067628
3379.364064 42.700313
3379.364064 42.700313
3249.454164 87.665653
3286.993739 416.710464
3473.231422 271.661193
2253.44 685.232
2253.44 685.242333
2253.44 685.252667
2253.44 685.263
2253.44 685.263
2246.16 685.864
2240.45 691.417
2237.87 697.888
2237.87 697.888
2236.69 697.95
2235.54 697.984
2234.28 698.138
2234.28 698.138
2234.28 698.127667
2234.28 698.117333
2234.28 698.107
2234.28 698.107
2180.129749 702.926209
2132.389185 759.957343
2144.027427 809.698577
2144.027427 809.698577
2151.996719 843.758912
2192.458171 849.012185
2223.44 829.919
2223.44 829.919
2225.76 873.521
2233.99 915.73
2248.31 956.513
2248.31 956.513
2248.32 956.513
2248.33 956.513
2248.34 956.513
2248.34 956.513
2253.212715 976.35872
2290.582469 969.600795
2280.086099 941.244654
2280.086099 941.244654
2266.961 905.786948
2247.390049 815.224694
2261.62 789.232
2261.62 789.232
2261.633333 789.232
2261.646667 789.232
2261.66 789.232
2261.66 789.232
2269.21 776.244
2274.3 762.917
2277.16 749.263
2277.16 749.263
2282.24 750.068
2287.01 748.506
2291.03 744.482
2291.03 744.482
2291.02 744.471333
2291.01 744.460667
2291 744.45
2291 744.45
2298.08 738.352
2298.12 726.567
2291.44 720.169
2291.44 720.169
2291.43 720.179333
2291.42 720.189667
2291.41 720.2
2291.41 720.2
2287.02 715.358
2282.11 711.479
2276.78 708.357
2276.78 708.357
2273.980535 695.351799
2265.851992 682.945302
2253.44 685.232
2222.72 785.263
2213.003749 796.002656
2197.410308 811.014149
2179.31 804.763
2179.31 804.763
2169.150073 784.497594
2192.45905 745.608442
2227.37 734.607
2227.37 734.607
2222.145794 757.560857
2223.627127 766.977962
2222.72 785.263
1365.68 918.604
1415.645053 866.251464
1481.494688 802.047733
1486.620227 770.401094
1486.620227 770.401094
1498.412541 697.591746
1390.326085 695.663695
1344.225435 739.830212
1344.225435 739.830212
1327.323395 756.023133
1352.857175 780.997904
1367.944635 764.947489
1367.944635 764.947489
1384.171111 747.685358
1461.605077 727.883789
1451.772897 766.674429
1451.772897 766.674429
1447.989805 781.599763
1372.773025 858.287236
1313.62 927.541
1313.62 927.541
1313.61 927.541
1313.6 927.541
1313.59 927.541
1313.59 927.541
1278.922475 978.36783
1488.759436 940.664463
1589.929047 939.873016
1589.929047 939.873016
1611.011086 939.708092
1611.278999 905.875023
1589.707645 905.733321
1589.707645 905.733321
1514.944283 905.242201
1440.911237 916.692666
1365.68 918.604
1803.880355 948.440117
1943.401913 839.699158
1843.580024 729.990779
1736.533689 757.15001
1736.533689 757.15001
1723.421666 760.476723
1721.860476 789.861514
1758.231338 789.333711
1758.231338 789.333711
1891.52309 787.39942
1835.294535 897.200052
1755.744391 939.081899
1755.744391 939.081899
1639.730603 1000.161257
1649.467015 784.712854
1717.994436 753.154026
1717.994436 753.154026
1738.536543 743.693801
1720.278387 715.953209
1709.991348 719.516954
1709.991348 719.516954
1580.032562 764.53864
1617.627434 1093.602781
1803.880355 948.440117
1925.68 918.604
1975.647411 866.248993
2041.485792 802.051469
2046.613934 770.401119
2046.613934 770.401119
2058.411296 697.589053
1950.328904 695.667143
1904.227234 739.827355
1904.227234 739.827355
1887.321886 756.020776
1912.856152 780.998993
1927.944635 764.947489
1927.944635 764.947489
1944.171111 747.685358
2021.605077 727.883789
2011.772897 766.674429
2011.772897 766.674429
2007.989782 781.599853
1932.773387 858.286799
1873.62 927.541
1873.62 927.541
1873.61 927.541
1873.6 927.541
1873.59 927.541
1873.59 927.541
1868.1 939.127
1877.63 953.511
1890.12 954.354
1890.12 954.354
1976.71875 954.403135
2063.933446 940.545807
2149.929535 939.873103
2149.929535 939.873103
2171.004877 939.708241
2171.271882 905.874852
2149.708725 905.733272
2149.708725 905.733272
2074.94119 905.242361
2000.912209 916.692641
1925.68 918.604
2375.976343 699.555325
2347.572171 699.192701
2345.608325 812.683471
2348.223781 893.06667
2348.223781 893.06667
2348.894379 913.676769
2390.165828 919.05837
2383.926774 872.689516
2383.926774 872.689516
2368.615557 758.896056
2417.791944 700.089167
2375.976343 699.555325
2349.38 948.43
2348.279224 949.52545
2348.413313 951.613388
2347.72 953.648
2347.72 953.648
2347.69 953.637667
2347.66 953.627333
2347.63 953.617
2347.63 953.617
2347.491298 954.716502
2347.175863 955.711338
2347.1 956.773
2347.1 956.773
2347.09 956.773
2347.08 956.773
2347.07 956.773
2347.07 956.773
2347.08 956.911
2347.06 957.044
2347.04 957.18
2347.04 957.18
2347.05 957.18
2347.06 957.18
2347.07 957.18
2347.07 957.18
2345.908098 974.179634
2364.759698 980.91499
2375.66 972.367
2375.66 972.367
2375.38 972.478
2375.04 972.582
2374.63 972.586
2374.63 972.586
2385.675 969.062332
2395.753792 957.201977
2389.16 945.867
2389.16 945.867
2389.17 945.867
2389.18 945.867
2389.19 945.867
2389.19 945.867
2385.75 938.59
2376.61 934.372
2369.04 937.117
2369.04 937.117
2360.85 935.211
2351.54 940.083
2349.38 948.43
2375.976343 699.555325
2347.572171 699.192701
2345.608325 812.683471
2348.223781 893.06667
2348.223781 893.06667
2348.894379 913.676769
2390.165828 919.05837
2383.926774 872.689516
2383.926774 872.689516
2368.615557 758.896056
2417.791944 700.089167
2375.976343 699.555325
2349.38 948.43
2348.279224 949.52545
2348.413313 951.613388
2347.72 953.648
2347.72 953.648
2347.69 953.637667
2347.66 953.627333
2347.63 953.617
2347.63 953.617
2347.491298 954.716502
2347.175863 955.711338
2347.1 956.773
2347.1 956.773
2347.09 956.773
2347.08 956.773
2347.07 956.773
2347.07 956.773
2347.08 956.911
2347.06 957.044
2347.04 957.18
2347.04 957.18
2347.05 957.18
2347.06 957.18
2347.07 957.18
2347.07 957.18
2345.908098 974.179634
2364.759698 980.91499
2375.66 972.367
2375.66 972.367
2375.38 972.478
2375.04 972.582
2374.63 972.586
2374.63 972.586
2385.675 969.062332
2395.753792 957.201977
2389.16 945.867
2389.16 945.867
2389.17 945.867
2389.18 945.867
2389.19 945.867
2389.19 945.867
2385.75 938.59
2376.61 934.372
2369.04 937.117
2369.04 937.117
2360.85 935.211
2351.54 940.083
2349.38 948.43
2375.976343 369.555325
2347.572171 369.192701
2345.608325 482.683471
2348.223781 563.06667
2348.223781 563.06667
2348.894379 583.676769
2390.165828 589.05837
2383.926774 542.689516
2383.926774 542.689516
2368.615557 428.896056
2417.791944 370.089167
2375.976343 369.555325
2349.38 618.43
2348.279214 619.525459
2348.41331 621.61342
2347.72 623.648
2347.72 623.648
2347.69 623.637667
2347.66 623.627333
2347.63 623.617
2347.63 623.617
2347.491298 624.716502
2347.175863 625.711338
2347.1 626.773
2347.1 626.773
2347.09 626.773
2347.08 626.773
2347.07 626.773
2347.07 626.773
2347.08 626.911
2347.06 627.044
2347.04 627.18
2347.04 627.18
2347.05 627.18
2347.06 627.18
2347.07 627.18
2347.07 627.18
2345.908141 644.179835
2364.759858 650.914903
2375.66 642.367
2375.66 642.367
2375.38 642.478
2375.04 642.582
2374.63 642.586
2374.63 642.586
2385.674993 639.062335
2395.753794 627.20198
2389.16 615.867
2389.16 615.867
2389.17 615.867
2389.18 615.867
2389.19 615.867
2389.19 615.867
2385.75 608.59
2376.61 604.372
2369.04 607.117
2369.04 607.117
2360.85 605.211
2351.54 610.083
2349.38 618.43
2298.06 391.433
2360.440227 362.005968
2188.400544 321.641851
2135.156134 404.451438
2135.156134 404.451438
2112.491816 439.700638
2132.712147 459.557966
2216.11 502.053
2216.11 502.053
2200.679681 544.339421
2178.580099 630.398752
2236.514346 639.028568
2236.514346 639.028568
2301.623444 648.727141
2305.889441 533.93565
2252.52 491.467
2252.52 491.467
2267.238807 457.847158
2286.170332 425.987551
2298.06 391.433
2269.41 386.154
2256.03 415.934
2240.36 444.32
2227.67 473.924
2227.67 473.924
2199.569878 456.53782
2150.344205 437.634333
2157.511297 425.34873
2157.511297 425.34873
2180.406792 386.101996
2229.547025 378.800388
2269.41 386.154
2250.03 531.535
2262.414325 555.663269
2271.48443 618.575209
2234.695809 605.27608
2234.695809 605.27608
2226.883407 602.451888
2224.122878 492.038554
2250.54 533.539
2250.54 533.539
2250 532.194
2250 532.196
2250.03 531.535
1365.68 588.604
1415.647339 536.249069
1481.485656 472.051609
1486.613913 440.401236
1486.613913 440.401236
1498.411497 367.589376
1390.328261 365.6662
1344.226902 409.827709
1344.226902 409.827709
1327.322229 426.021069
1352.856239 450.998898
1367.944632 434.94749
1367.944632 434.94749
1384.171108 417.685362
1461.605077 397.883787
1451.772897 436.674429
1451.772897 436.674429
1447.989846 451.599603
1372.771102 528.289049
1313.62 597.541
1313.62 597.541
1313.61 597.541
1313.6 597.541
1313.59 597.541
1313.59 597.541
1308.1 609.127
1317.63 623.511
1330.12 624.354
1330.12 624.354
1416.71875 624.403135
1503.933446 610.545807
1589.929535 609.873103
1589.929535 609.873103
1611.004877 609.708241
1611.271882 575.874852
1589.708725 575.733272
1589.708725 575.733272
1514.94119 575.242361
1440.912209 586.692641
1365.68 588.604
1803.95739 618.39077
1943.393386 509.608102
1843.532414 400.005234
1736.534418 427.149576
1736.534418 427.149576
1723.420341 430.476489
1721.860444 459.86136
1758.230307 459.333552
1758.230307 459.333552
1891.885563 457.393915
1835.007846 567.872109
1755.022223 609.439213
1755.022223 609.439213
1639.806524 669.314762
1649.582228 454.667154
1717.998908 423.150136
1717.998908 423.150136
1738.581802 413.668362
1720.192258 385.983342
1710.034553 389.505085
1710.034553 389.505085
1579.919708 434.616748
1617.733812 763.675331
1803.95739 618.39077
1925.68 588.604
1975.647339 536.249069
2041.485656 472.051609
2046.613913 440.401236
2046.613913 440.401236
2058.411497 367.589376
1950.328261 365.6662
1904.226902 409.827709
1904.226902 409.827709
1887.322229 426.021069
1912.856239 450.998898
1927.944632 434.94749
1927.944632 434.94749
1944.171108 417.685362
2021.605077 397.883787
2011.772897 436.674429
2011.772897 436.674429
2007.989862 451.599539
1932.770808 528.289399
1873.62 597.541
1873.62 597.541
1873.61 597.541
1873.6 597.541
1873.59 597.541
1873.59 597.541
1868.1 609.127
1877.63 623.511
1890.12 624.354
1890.12 624.354
1976.71875 624.403135
2063.933446 610.545807
2149.929535 609.873103
2149.929535 609.873103
2171.004877 609.708241
2171.271882 575.874852
2149.708725 575.733272
2149.708725 575.733272
2074.94119 575.242361
2000.912209 586.692641
1925.68 588.604
2247.41 138.426
2217.020515 195.183343
2219.544635 247.243636
2224.020198 299.054766
2224.020198 299.054766
2226.369653 326.253123
2266.805295 310.852336
2259.820506 289.387382
2259.820506 289.387382
2226.235993 186.178812
2348.781895 87.879301
2280.3909 31.064576
2280.3909 31.064576
2247.611209 3.833374
2072.829533 31.017507
2125.267376 71.710315
2125.267376 71.710315
2128.670146 74.350932
2206.912045 50.94543
2249.084137 56.015633
2249.084137 56.015633
2286.224593 60.480901
2257.017349 112.284072
2247.38 138.426
2247.38 138.426
2247.39 138.426
2247.4 138.426
2247.41 138.426
1365.68 241.584
1415.647272 189.22914
1481.485446 125.031808
1486.613893 93.380938
1486.613893 93.380938
1498.411683 20.569363
1390.328675 18.646346
1344.226674 62.807957
1344.226674 62.807957
1327.322418 79.000728
1352.856194 103.978521
1367.944441 87.927444
1367.944441 87.927444
1384.170754 70.665678
1461.604892 50.86325
1451.772944 89.65421
1451.772944 89.65421
1447.989838 104.580075
1372.771416 181.268548
1313.62 250.521
1313.62 250.521
1313.61 250.521
1313.6 250.521
1313.59 250.521
1313.59 250.521
1308.1 262.107
1317.63 276.491
1330.12 277.334
1330.12 277.334
1416.71875 277.383135
1503.933446 263.525807
1589.929535 262.853103
1589.929535 262.853103
1611.004877 262.688241
1611.271882 228.854852
1589.708725 228.713272
1589.708725 228.713272
1514.94119 228.222361
1440.912209 239.672641
1365.68 241.584
1804.165637 271.220435
1943.401002 162.36926
1843.377964 53.023056
1736.533528 80.129578
1736.533528 80.129578
1723.422886 83.455759
1721.859361 112.841615
1758.231605 112.313779
1758.231605 112.313779
1893.04901 110.3573
1833.49109 222.43045
1754.353245 262.836409
1754.353245 262.836409
1639.716541 321.367267
1649.7555 106.732038
1718.301216 75.981153
1718.301216 75.981153
1738.091136 67.103026
1720.433396 38.872325
1710.113053 42.448424
1710.113053 42.448424
1579.736146 87.625291
1617.880548 416.85406
1804.165637 271.220435
1925.68 241.584
1975.647272 189.22914
2041.485446 125.031808
2046.613893 93.380938
2046.613893 93.380938
2058.411683 20.569363
1950.328675 18.646346
1904.226674 62.807957
1904.226674 62.807957
1887.322418 79.000728
1912.856194 103.978521
1927.944441 87.927444
1927.944441 87.927444
1944.170754 70.665678
2021.604892 50.86325
2011.772944 89.65421
2011.772944 89.65421
2007.989842 104.580057
1932.771311 181.26867
1873.62 250.521
1873.62 250.521
1873.61 250.521
1873.6 250.521
1873.59 250.521
1873.59 250.521
1868.1 262.107
1877.63 276.491
1890.12 277.334
1890.12 277.334
1976.71875 277.383135
2063.933446 263.525807
2149.929535 262.853103
2149.929535 262.853103
2171.004877 262.688241
2171.271882 228.854852
2149.708725 228.713272
2149.708725 228.713272
2074.94119 228.222361
2000.912209 239.672641
1925.68 241.584
2380.975923 25.555358
2352.572399 25.193139
2350.608191 138.683129
2353.223806 219.06674
2353.223806 219.06674
2353.894435 239.676657
2395.165924 245.058624
2388.926761 198.689068
2388.926761 198.689068
2373.615511 84.895623
2422.792362 26.088627
2380.975923 25.555358
2354.38 274.43
2353.279214 275.525459
2353.41331 277.61342
2352.72 279.648
2352.72 279.648
2352.69 279.637667
2352.66 279.627333
2352.63 279.617
2352.63 279.617
2352.491298 280.716502
2352.175863 281.711338
2352.1 282.773
2352.1 282.773
2352.09 282.773
2352.08 282.773
2352.07 282.773
2352.07 282.773
2352.08 282.911
2352.06 283.044
2352.04 283.18
2352.04 283.18
2352.05 283.18
2352.06 283.18
2352.07 283.18
2352.07 283.18
2350.908172 300.179903
2369.759861 306.914891
2380.66 298.367
2380.66 298.367
2380.38 298.478
2380.04 298.582
2379.63 298.586
2379.63 298.586
2390.675106 295.062275
2400.75377 283.201939
2394.16 271.867
2394.16 271.867
2394.17 271.867
2394.18 271.867
2394.19 271.867
2394.19 271.867
2390.75 264.59
2381.61 260.372
2374.04 263.117
2374.04 263.117
2365.85 261.211
2356.54 266.083
2354.38 274.43
2380.975923 25.555358
2352.572399 25.193139
2350.608191 138.683129
2353.223806 219.06674
2353.223806 219.06674
2353.894435 239.676657
2395.165924 245.058624
2388.926761 198.689068
2388.926761 198.689068
2373.615511 84.895623
2422.792362 26.088627
2380.975923 25.555358
2354.38 274.43
2353.279214 275.525459
2353.41331 277.61342
2352.72 279.648
2352.72 279.648
2352.69 279.637667
2352.66 279.627333
2352.63 279.617
2352.63 279.617
2352.491298 280.716502
2352.175863 281.711338
2352.1 282.773
2352.1 282.773
2352.09 282.773
2352.08 282.773
2352.07 282.773
2352.07 282.773
2352.08 282.911
2352.06 283.044
2352.04 283.18
2352.04 283.18
2352.05 283.18
2352.06 283.18
2352.07 283.18
2352.07 283.18
2350.908172 300.179903
2369.759861 306.914891
2380.66 298.367
2380.66 298.367
2380.38 298.478
2380.04 298.582
2379.63 298.586
2379.63 298.586
2390.675106 295.062275
2400.75377 283.201939
2394.16 271.867
2394.16 271.867
2394.17 271.867
2394.18 271.867
2394.19 271.867
2394.19 271.867
2390.75 264.59
2381.61 260.372
2374.04 263.117
2374.04 263.117
2365.85 261.211
2356.54 266.083
2354.38 274.43
935.687 868.119
925.18901 817.701194
952.080003 736.571157
993.313459 745.162126
993.313459 745.162126
1013.873997 749.445903
1020.151626 715.868299
999.920313 711.546537
999.920313 711.546537
912.193823 692.806626
869.502678 853.565751
921 918.494
921 918.494
906.279785 951.399056
946.250947 966.316036
952.312 940.9
952.312 940.9
1051.629497 972.06981
1120.161005 781.762048
1027.612244 788.020761
1027.612244 788.020761
999.882907 789.895988
954.04729 826.880746
935.687 868.119
1029.087913 861.437689
1028.468828 862.960373
1027.575379 867.773529
1028.56 862.682
1028.56 862.682
1017.778473 890.376702
985.743969 921.042258
959.219 906.432
959.219 906.432
968.024709 868.853405
995.087887 829.88613
1035.16 822.557
1035.16 822.557
1039.463196 833.971969
1033.971186 849.42694
1029.087913 861.437689
73.6812 919.963
123.648047 867.609448
189.490277 803.408795
194.616562 771.760321
194.616562 771.760321
206.410653 698.946386
98.323664 697.025191
52.224601 741.190808
52.224601 741.190808
35.325576 757.381069
60.861713 782.35704
75.943154 766.306792
75.943154 766.306792
92.164646 749.043257
169.610469 729.243706
159.771186 768.033199
159.771186 768.033199
155.98197 782.971459
80.840118 859.577982
21.6187 928.9
21.6187 928.9
21.6083 928.9
21.5979 928.9
21.5875 928.9
21.5875 928.9
16.0979 940.486
25.6331 954.87
38.1187 955.713
38.1187 955.713
124.722125 955.762135
211.936351 941.904933
297.929822 941.232168
297.929822 941.232168
319.0056 941.067283
319.274211 907.234186
297.710897 907.092438
297.710897 907.092438
222.949161 906.600985
148.914529 918.051658
73.6812 919.963
498.37011 949.839661
637.933155 841.063416
538.19733 731.406149
431.100021 758.498238
431.100021 758.498238
417.914538 761.833731
416.400678 791.217651
452.730055 790.68919
452.730055 790.68919
586.852009 788.738203
528.949463 899.78156
449.396937 940.913292
449.396937 940.913292
334.235273 1000.456326
344.19323 785.50353
412.710898 754.413062
412.710898 754.413062
432.794407 745.300001
414.912783 717.274601
404.592109 720.850806
404.592109 720.850806
274.441137 765.949262
312.263856 1094.891951
498.37011 949.839661
633.681 919.963
683.648053 867.609449
749.490298 803.408783
754.616562 771.760313
754.616562 771.760313
766.410659 698.946059
658.322809 697.025322
612.224319 741.191011
612.224319 741.191011
595.324929 757.381849
620.861988 782.357075
635.943658 766.306531
635.943658 766.306531
652.164859 749.043251
729.610452 729.243762
719.771187 768.033198
719.771187 768.033198
715.982182 782.970634
640.836558 859.582331
581.619 928.9
581.619 928.9
581.608333 928.9
581.597667 928.9
581.587 928.9
581.587 928.9
576.098 940.486
585.633 954.87
598.119 955.713
598.119 955.713
684.722124 955.762135
771.93635 941.904933
857.929823 941.232168
857.929823 941.232168
879.005589 941.067283
879.274227 907.234186
857.710891 907.092438
857.710891 907.092438
782.949172 906.600985
708.914524 918.051659
633.681 919.963
1145.106343 699.555325
1116.702171 699.192701
1114.738325 812.683471
1117.353781 893.06667
1117.353781 893.06667
1118.024379 913.676769
1159.295828 919.05837
1153.056774 872.689516
1153.056774 872.689516
1137.745557 758.896056
1186.921944 700.089167
1145.106343 699.555325
1118.51 948.43
1117.409188 949.525485
1117.543304 951.613508
1116.85 953.648
1116.85 953.648
1116.82 953.637667
1116.79 953.627333
1116.76 953.617
1116.76 953.617
1116.621298 954.716502
1116.305863 955.711338
1116.23 956.773
1116.23 956.773
1116.22 956.773
1116.21 956.773
1116.2 956.773
1116.2 956.773
1116.21 956.911
1116.19 957.044
1116.17 957.18
1116.17 957.18
1116.18 957.18
1116.19 957.18
1116.2 957.18
1116.2 957.18
1115.03816 974.179895
1133.889884 980.914883
1144.79 972.367
1144.79 972.367
1144.51 972.478
1144.17 972.582
1143.76 972.586
1143.76 972.586
1154.805018 969.062322
1164.883789 957.201971
1158.29 945.867
1158.29 945.867
1158.3 945.867
1158.31 945.867
1158.32 945.867
1158.32 945.867
1154.88 938.59
1145.74 934.372
1138.17 937.117
1138.17 937.117
1129.98 935.211
1120.67 940.083
1118.51 948.43
1145.106343 699.555325
1116.702171 699.192701
1114.738325 812.683471
1117.353781 893.06667
1117.353781 893.06667
1118.024379 913.676769
1159.295828 919.05837
1153.056774 872.689516
1153.056774 872.689516
1137.745557 758.896056
1186.921944 700.089167
1145.106343 699.555325
1118.51 948.43
1117.409188 949.525485
1117.543304 951.613508
1116.85 953.648
1116.85 953.648
1116.82 953.637667
1116.79 953.627333
1116.76 953.617
1116.76 953.617
1116.621298 954.716502
1116.305863 955.711338
1116.23 956.773
1116.23 956.773
1116.22 956.773
1116.21 956.773
1116.2 956.773
1116.2 956.773
1116.21 956.911
1116.19 957.044
1116.17 957.18
1116.17 957.18
1116.18 957.18
1116.19 957.18
1116.2 957.18
1116.2 957.18
1115.03816 974.179895
1133.889884 980.914883
1144.79 972.367
1144.79 972.367
1144.51 972.478
1144.17 972.582
1143.76 972.586
1143.76 972.586
1154.805018 969.062322
1164.883789 957.201971
1158.29 945.867
1158.29 945.867
1158.3 945.867
1158.31 945.867
1158.32 945.867
1158.32 945.867
1154.88 938.59
1145.74 934.372
1138.17 937.117
1138.17 937.117
1129.98 935.211
1120.67 940.083
1118.51 948.43
993.63 447.166
1069.943804 428.263744
1119.217506 424.141433
1092.224331 391.142017
1092.224331 391.142017
1087.090975 384.86644
922.505 429.073317
922.505 429.573
922.505 429.573
896.651903 434.627032
911.511779 477.561962
949.193 458.479
949.193 458.479
939.478641 494.907846
1088.16511 481.572442
1090.726917 542.686354
1090.726917 542.686354
1091.57986 563.033998
991.376458 604.817799
927.442861 577.54883
927.442861 577.54883
907.86422 569.198144
891.41759 604.638513
921.866654 613.153143
921.866654 613.153143
982.271243 630.044391
1065.253926 611.834549
1100.092668 585.926683
1100.092668 585.926683
1172.195379 532.307427
1081.617307 461.529254
993.63 447.166
73.6812 588.604
123.647974 536.250525
189.490136 472.04994
194.61654 440.401441
194.61654 440.401441
206.410861 367.587718
98.32304 365.665236
52.224245 409.832178
52.224245 409.832178
35.325978 426.022291
60.861803 450.997954
75.943138 434.947805
75.943138 434.947805
92.164628 417.684259
169.61047 397.884703
159.771186 436.674199
159.771186 436.674199
155.981953 451.612529
80.838984 528.219827
21.6187 597.541
21.6187 597.541
21.6083 597.541
21.5979 597.541
21.5875 597.541
21.5875 597.541
16.0979 609.127
25.6331 623.511
38.1187 624.354
38.1187 624.354
124.722125 624.403135
211.936351 610.545933
297.929822 609.873168
297.929822 609.873168
319.0056 609.708283
319.274211 575.875186
297.710897 575.733438
297.710897 575.733438
222.949161 575.241985
148.914529 586.692658
73.6812 588.604
498.373048 618.487622
637.950971 509.663728
538.182567 400.057927
431.102469 427.138279
431.102469 427.138279
417.911854 430.47416
416.40148 459.857934
452.724561 459.329412
452.724561 459.329412
586.84321 457.377908
528.959186 568.402807
449.416325 609.54427
449.416325 609.54427
334.231068 669.120829
344.191435 454.145261
412.710786 423.054254
412.710786 423.054254
432.834249 413.923129
414.836977 385.943602
404.635923 389.4804
404.635923 389.4804
274.352725 434.650769
312.350083 763.523046
498.373048 618.487622
633.681 588.604
683.647981 536.250524
749.490161 472.049922
754.61654 440.40143
754.61654 440.40143
766.410859 367.587382
658.322166 365.665379
612.223988 409.832365
612.223988 409.832365
595.325272 426.023142
620.862074 450.997981
635.943656 434.947532
635.943656 434.947532
652.164855 417.684255
729.610452 397.884759
719.771187 436.674198
719.771187 436.674198
715.982061 451.61211
640.837104 528.222156
581.619 597.541
581.619 597.541
581.608333 597.541
581.597667 597.541
581.587 597.541
581.587 597.541
576.098 609.127
585.633 623.511
598.119 624.354
598.119 624.354
684.722124 624.403135
771.93635 610.545933
857.929823 609.873168
857.929823 609.873168
879.005589 609.708283
879.274227 575.875186
857.710891 575.733438
857.710891 575.733438
782.949172 575.241985
708.914524 586.692659
633.681 588.604
1198.976343 379.555325
1170.572171 379.192701
1168.608325 492.683471
1171.223781 573.06667
1171.223781 573.06667
1171.894379 593.676769
1213.165828 599.05837
1206.926774 552.689516
1206.926774 552.689516
1191.615557 438.896056
1240.791944 380.089167
1198.976343 379.555325
1172.38 628.43
1171.279214 629.525459
1171.41331 631.61342
1170.72 633.648
1170.72 633.648
1170.69 633.637667
1170.66 633.627333
1170.63 633.617
1170.63 633.617
1170.491298 634.716502
1170.175863 635.711338
1170.1 636.773
1170.1 636.773
1170.09 636.773
1170.08 636.773
1170.07 636.773
1170.07 636.773
1170.08 636.911
1170.06 637.044
1170.04 637.18
1170.04 637.18
1170.05 637.18
1170.06 637.18
1170.07 637.18
1170.07 637.18
1168.908167 654.179916
1187.759893 660.914875
1198.66 652.367
1198.66 652.367
1198.38 652.478
1198.04 652.582
1197.63 652.586
1197.63 652.586
1208.674993 649.062335
1218.753794 637.20198
1212.16 625.867
1212.16 625.867
1212.17 625.867
1212.18 625.867
1212.19 625.867
1212.19 625.867
1208.75 618.59
1199.61 614.372
1192.04 617.117
1192.04 617.117
1183.85 615.211
1174.54 620.083
1172.38 628.43
1198.976343 379.555325
1170.572171 379.192701
1168.608325 492.683471
1171.223781 573.06667
1171.223781 573.06667
1171.894379 593.676769
1213.165828 599.05837
1206.926774 552.689516
1206.926774 552.689516
1191.615557 438.896056
1240.791944 380.089167
1198.976343 379.555325
1172.38 628.43
1171.279214 629.525459
1171.41331 631.61342
1170.72 633.648
1170.72 633.648
1170.69 633.637667
1170.66 633.627333
1170.63 633.617
1170.63 633.617
1170.491298 634.716502
1170.175863 635.711338
1170.1 636.773
1170.1 636.773
1170.09 636.773
1170.08 636.773
1170.07 636.773
1170.07 636.773
1170.08 636.911
1170.06 637.044
1170.04 637.18
1170.04 637.18
1170.05 637.18
1170.06 637.18
1170.07 637.18
1170.07 637.18
1168.908167 654.179916
1187.759893 660.914875
1198.66 652.367
1198.66 652.367
1198.38 652.478
1198.04 652.582
1197.63 652.586
1197.63 652.586
1208.674993 649.062335
1218.753794 637.20198
1212.16 625.867
1212.16 625.867
1212.17 625.867
1212.18 625.867
1212.19 625.867
1212.19 625.867
1208.75 618.59
1199.61 614.372
1192.04 617.117
1192.04 617.117
1183.85 615.211
1174.54 620.083
1172.38 628.43
955.402 46.6169
966.610182 28.567955
937.069341 2.923491
922.430329 34.99438
922.430329 34.99438
890.5352 104.869664
830.287634 218.583966
963.496 179.054
963.496 179.054
965.471983 232.963749
967.639544 350.082659
1005.976588 314.475589
1005.976588 314.475589
1013.530905 307.459213
999.091836 214.331867
997.621 166.086
997.621 166.086
1014.54618 163.51275
1015.634853 135.86204
997.183 132.429
997.183 132.429
998.304164 73.481113
1020.990161 12.689843
982.241086 23.305029
982.241086 23.305029
966.26744 27.680959
962.718423 93.3593
962.558 142.242
962.558 142.242
935.734673 153.490943
921.538751 156.655941
914.621 155.898
914.621 155.898
915.001046 133.982651
928.066166 107.26633
955.652 45.3669
955.652 45.3669
955.669 45.798
955.545 46.2268
955.402 46.6169
73.6812 241.586
123.647833 189.232673
189.490127 125.032078
194.616369 93.383079
194.616369 93.383079
206.41021 20.568877
98.322305 18.647434
52.223653 62.814748
52.223653 62.814748
35.3261 79.004365
60.86239 103.979661
75.943381 87.929307
75.943381 87.929307
92.163739 70.666352
169.61047 50.866163
159.771243 89.655879
159.771243 89.655879
155.981805 104.595185
80.838205 181.201216
21.6187 250.523
21.6187 250.523
21.608267 250.523
21.597833 250.523
21.5874 250.523
21.5874 250.523
16.0978 262.109
25.6331 276.493
38.1187 277.336
38.1187 277.336
124.722076 277.385135
211.936966 263.52785
297.930124 262.855189
297.930124 262.855189
319.004339 262.690342
319.27684 228.855949
297.707792 228.714483
297.707792 228.714483
222.948413 228.224154
148.913119 239.674694
73.6812 241.586
498.892241 271.070037
637.76502 162.323151
537.988011 53.081103
431.098354 80.121108
431.098354 80.121108
417.918357 83.455268
416.398694 112.840522
452.729222 112.311813
452.729222 112.311813
586.898478 110.359283
528.908754 221.488546
449.314187 262.578181
449.314187 262.578181
334.250319 321.978371
344.202934 107.120334
412.711487 76.03505
412.711487 76.03505
432.828582 66.907057
414.854529 38.915774
404.618654 42.463162
404.618654 42.463162
274.236495 87.648944
312.428765 417.083693
498.892241 271.070037
633.681 241.586
683.647843 189.232669
749.490155 125.032056
754.616371 93.383064
754.616371 93.383064
766.41019 20.568626
658.321715 18.647597
612.22355 62.814769
612.22355 62.814769
595.325506 79.004976
620.862513 103.979775
635.943906 87.929028
635.943906 87.929028
652.163705 70.666703
729.609452 50.865934
719.771125 89.655881
719.771125 89.655881
715.98207 104.595133
640.837162 181.202456
581.619 250.523
581.619 250.523
581.608333 250.523
581.597667 250.523
581.587 250.523
581.587 250.523
576.098 262.109
585.633 276.493
598.119 277.336
598.119 277.336
684.722075 277.385135
771.936965 263.52785
857.930125 262.855189
857.930125 262.855189
879.004328 262.690342
879.276856 228.85595
857.707786 228.714483
857.707786 228.714483
782.948424 228.224154
708.913114 239.674694
633.681 241.586
1103.105923 25.555358
1074.702399 25.193139
1072.738191 138.683129
1075.353806 219.06674
1075.353806 219.06674
1076.024435 239.676657
1117.295924 245.058624
1111.056761 198.689068
1111.056761 198.689068
1095.745511 84.895623
1144.922362 26.088627
1103.105923 25.555358
1076.51 274.43
1075.409214 275.525459
1075.54331 277.61342
1074.85 279.648
1074.85 279.648
1074.82 279.637667
1074.79 279.627333
1074.76 279.617
1074.76 279.617
1074.621298 280.716502
1074.305863 281.711338
1074.23 282.773
1074.23 282.773
1074.22 282.773
1074.21 282.773
1074.2 282.773
1074.2 282.773
1074.21 282.911
1074.19 283.044
1074.17 283.18
1074.17 283.18
1074.18 283.18
1074.19 283.18
1074.2 283.18
1074.2 283.18
1073.038172 300.179917
1091.889878 306.91488
1102.79 298.367
1102.79 298.367
1102.51 298.478
1102.17 298.582
1101.76 298.586
1101.76 298.586
1112.804993 295.062335
1122.883794 283.20198
1116.29 271.867
1116.29 271.867
1116.3 271.867
1116.31 271.867
1116.32 271.867
1116.32 271.867
1112.88 264.59
1103.74 260.372
1096.17 263.117
1096.17 263.117
1087.98 261.211
1078.67 266.083
1076.51 274.43
1103.105923 25.555358
1074.702399 25.193139
1072.738191 138.683129
1075.353806 219.06674
1075.353806 219.06674
1076.024435 239.676657
1117.295924 245.058624
1111.056761 198.689068
1111.056761 198.689068
1095.745511 84.895623
1144.922362 26.088627
1103.105923 25.555358
1076.51 274.43
1075.409214 275.525459
1075.54331 277.61342
1074.85 279.648
1074.85 279.648
1074.82 279.637667
1074.79 279.627333
1074.76 279.617
1074.76 279.617
1074.621298 280.716502
1074.305863 281.711338
1074.23 282.773
1074.23 282.773
1074.22 282.773
1074.21 282.773
1074.2 282.773
1074.2 282.773
1074.21 282.911
1074.19 283.044
1074.17 283.18
1074.17 283.18
1074.18 283.18
1074.19 283.18
1074.2 283.18
1074.2 283.18
1073.038172 300.179917
1091.889878 306.91488
1102.79 298.367
1102.79 298.367
1102.51 298.478
1102.17 298.582
1101.76 298.586
1101.76 298.586
1112.804993 295.062335
1122.883794 283.20198
1116.29 271.867
1116.29 271.867
1116.3 271.867
1116.31 271.867
1116.32 271.867
1116.32 271.867
1112.88 264.59
1103.74 260.372
1096.17 263.117
1096.17 263.117
1087.98 261.211
1078.67 266.083
1076.51 274.43
