3172.82 66.6562
3171.802925 79.556456
3155.671782 89.944381
3147.13 94.6562
3147.13 94.6562
3147.13 94.666633
3147.13 94.677067
3147.13 94.6875
3147.13 94.6875
3142.04 97.0884
3136.38 99.0214
3132.76 103.469
3132.76 103.469
3132.75 103.458667
3132.74 103.448333
3132.73 103.438
3132.73 103.438
3132.605541 103.599637
3132.495917 103.751911
3132.35 103.875
3132.35 103.875
3132.36 103.885333
3132.37 103.895667
3132.38 103.906
3132.38 103.906
3010.113107 560.855695
3408.603046 119.706133
3187.69 103.312
3187.69 103.312
3278.882187 -55.043868
2910.200592 105.977461
3172.82 66.6562
3342.531922 408.234187
3343.398376 612.405841
3386.79936 790.481388
3382.508877 432.536808
3382.508877 432.536808
3381.815709 374.707461
3342.398262 376.738486
3342.531922 408.234187
3490.106343 369.555325
3428.603725 368.770147
3481.017253 736.409816
3496.010137 503.974239
3496.010137 503.974239
3501.492692 418.977855
3520.269799 369.940409
3490.106343 369.555325
3463.51 618.43
3462.409233 619.525441
3462.543315 621.613357
3461.85 623.648
3461.85 623.648
3461.82 623.637667
3461.79 623.627333
3461.76 623.617
3461.76 623.617
3461.621248 624.716792
3461.305837 625.711441
3461.23 626.773
3461.23 626.773
3461.22 626.773
3461.21 626.773
3461.2 626.773
3461.2 626.773
3461.21 626.911
3461.19 627.044
3461.17 627.18
3461.17 627.18
3461.18 627.18
3461.19 627.18
3461.2 627.18
3461.2 627.18
3460.038165 644.179991
3478.890011 650.914827
3489.79 642.367
3489.79 642.367
3489.51 642.478
3489.17 642.582
3488.76 642.586
3488.76 642.586
3499.804993 639.062335
3509.883794 627.20198
3503.29 615.867
3503.29 615.867
3503.3 615.867
3503.31 615.867
3503.32 615.867
3503.32 615.867
3499.88 608.59
3490.74 604.372
3483.17 607.117
3483.17 607.117
3474.98 605.211
3465.67 610.083
3463.51 618.43
3620.105942 25.555335
3558.603939 24.77101
3611.017365 392.41006
3626.010153 159.973833
3626.010153 159.973833
3631.492668 74.977292
3650.27016 25.940015
3620.105942 25.555335
3593.51 274.43
3592.409178 275.525496
3592.543301 277.613544
3591.85 279.648
3591.85 279.648
3591.82 279.637667
3591.79 279.627333
3591.76 279.617
3591.76 279.617
3591.627803 280.678419
3591.309525 281.696716
3591.23 282.773
3591.23 282.773
3591.22 282.773
3591.21 282.773
3591.2 282.773
3591.2 282.773
3591.21 282.911
3591.19 283.044
3591.17 283.18
3591.17 283.18
3591.18 283.18
3591.19 283.18
3591.2 283.18
3591.2 283.18
3590.038147 300.179749
3608.889687 306.914934
3619.79 298.367
3619.79 298.367
3619.51 298.478
3619.17 298.582
3618.76 298.586
3618.76 298.586
3629.804993 295.062335
3639.883794 283.20198
3633.29 271.867
3633.29 271.867
3633.3 271.867
3633.31 271.867
3633.32 271.867
3633.32 271.867
3629.88 264.59
3620.74 260.372
3613.17 263.117
3613.17 263.117
3604.98 261.211
3595.67 266.083
3593.51 274.43
3620.105942 25.555335
3558.603939 24.77101
3611.017365 392.41006
3626.010153 159.973833
3626.010153 159.973833
3631.492668 74.977292
3650.27016 25.940015
3620.105942 25.555335
3593.51 274.43
3592.409178 275.525496
3592.543301 277.613544
3591.85 279.648
3591.85 279.648
3591.82 279.637667
3591.79 279.627333
3591.76 279.617
3591.76 279.617
3591.627803 280.678419
3591.309525 281.696716
3591.23 282.773
3591.23 282.773
3591.22 282.773
3591.21 282.773
3591.2 282.773
3591.2 282.773
3591.21 282.911
3591.19 283.044
3591.17 283.18
3591.17 283.18
3591.18 283.18
3591.19 283.18
3591.2 283.18
3591.2 283.18
3590.038147 300.179749
3608.889687 306.914934
3619.79 298.367
3619.79 298.367
3619.51 298.478
3619.17 298.582
3618.76 298.586
3618.76 298.586
3629.804993 295.062335
3639.883794 283.20198
3633.29 271.867
3633.29 271.867
3633.3 271.867
3633.31 271.867
3633.32 271.867
3633.32 271.867
3629.88 264.59
3620.74 260.372
3613.17 263.117
3613.17 263.117
3604.98 261.211
3595.67 266.083
3593.51 274.43
2628.418375 410.628585
2715.20527 393.253018
2516.59 597.541
2516.59 597.541
2516.59 597.541
2463.440478 675.465028
3203.026433 557.218767
2568.68 588.604
2568.68 588.604
2954.184582 236.402049
2302.460468 475.888479
2628.418375 410.628585
2634.036796 65.024197
2707.265147 51.620867
2516.59 250.521
2516.59 250.521
2516.59 250.521
2463.440491 328.445007
3203.026442 210.198777
2568.68 241.584
2568.68 241.584
2954.110443 -110.55134
2299.431276 126.268623
2634.036796 65.024197
3015.050017 147.071644
3106.40914 9.865853
2824.836062 474.847024
2880.531914 188.292865
2880.531914 188.292865
2974.931092 -297.389218
2677.868552 653.460586
3015.050017 147.071644
3017.327776 491.476095
3102.822142 364.592373
2825.063834 815.52758
2880.168277 537.957827
2880.168277 537.957827
2978.677582 41.750949
2672.841334 1002.734601
3017.327776 491.476095
3182.82 417.837
3181.803154 430.738016
3165.674343 441.120905
3157.13 445.837
3157.13 445.837
3157.13 445.847333
3157.13 445.857667
3157.13 445.868
3157.13 445.868
3152.04 448.269
3146.38 450.202
3142.76 454.649
3142.76 454.649
3142.75 454.638667
3142.74 454.628333
3142.73 454.618
3142.73 454.618
3142.605343 454.780802
3142.495563 454.931793
3142.35 455.056
3142.35 455.056
3142.36 455.066333
3142.37 455.076667
3142.38 455.087
3142.38 455.087
3017.315275 912.354057
3419.257732 470.932243
3197.69 454.493
3197.69 454.493
3288.881223 296.11388
2920.184076 457.217963
3182.82 417.837
3487.676315 144.570969
3573.084068 18.50427
3292.88194 470.759961
3350.208704 187.767704
3350.208704 187.767704
3449.222618 -301.012212
3141.980872 654.837099
3487.676315 144.570969
2253.44 685.232
2253.44 685.242333
2253.44 685.252667
2253.44 685.263
2253.44 685.263
2246.16 685.864
2240.45 691.417
2237.87 697.888
2237.87 697.888
2236.69 697.95
2235.54 697.984
2234.28 698.138
2234.28 698.138
2234.28 698.127667
2234.28 698.117333
2234.28 698.107
2234.28 698.107
2120.510132 697.878945
2117.917202 894.94958
2223.44 829.919
2223.44 829.919
2225.76 873.521
2233.99 915.73
2248.31 956.513
2248.31 956.513
2248.32 956.513
2248.33 956.513
2248.34 956.513
2248.34 956.513
2253.212715 976.35872
2290.582469 969.600795
2280.086099 941.244654
2280.086099 941.244654
2266.961 905.786948
2247.390049 815.224694
2261.62 789.232
2261.62 789.232
2261.633333 789.232
2261.646667 789.232
2261.66 789.232
2261.66 789.232
2269.21 776.244
2274.3 762.917
2277.16 749.263
2277.16 749.263
2282.24 750.068
2287.01 748.506
2291.03 744.482
2291.03 744.482
2291.02 744.471333
2291.01 744.460667
2291 744.45
2291 744.45
2298.08 738.352
2298.12 726.567
2291.44 720.169
2291.44 720.169
2291.43 720.179333
2291.42 720.189667
2291.41 720.2
2291.41 720.2
2287.02 715.358
2282.11 711.479
2276.78 708.357
2276.78 708.357
2273.980535 695.351799
2265.851992 682.945302
2253.44 685.232
2222.72 785.263
2213.003749 796.002656
2197.410308 811.014149
2179.31 804.763
2179.31 804.763
2169.150073 784.497594
2192.45905 745.608442
2227.37 734.607
2227.37 734.607
2222.145794 757.560857
2223.627127 766.977962
2222.72 785.263
1425.061143 740.64596
1512.850531 723.041216
1313.59 927.541
1313.59 927.541
1313.59 927.541
1260.439556 1005.466049
2000.002476 887.220397
1365.68 918.604
1365.68 918.604
1750.95279 566.634649
1100.365922 805.758344
1425.061143 740.64596
1814.077474 827.765857
1917.665097 679.292835
1613.587692 1155.195838
1681.344838 857.143553
1681.344838 857.143553
1790.619961 376.460672
1467.167898 1324.994307
1814.077474 827.765857
1990.805476 742.178189
2064.760994 728.764353
1873.59 927.541
1873.59 927.541
1873.59 927.541
1820.440588 1005.46499
2560.026413 887.218786
1925.68 918.604
1925.68 918.604
2310.714777 566.829769
1657.448119 802.64157
1990.805476 742.178189
2375.976343 699.555325
2314.473725 698.770147
2366.887253 1066.409816
2381.880137 833.974239
2381.880137 833.974239
2387.362692 748.977855
2406.139799 699.940409
2375.976343 699.555325
2349.38 948.43
2348.279224 949.52545
2348.413313 951.613388
2347.72 953.648
2347.72 953.648
2347.69 953.637667
2347.66 953.627333
2347.63 953.617
2347.63 953.617
2347.491298 954.716502
2347.175863 955.711338
2347.1 956.773
2347.1 956.773
2347.09 956.773
2347.08 956.773
2347.07 956.773
2347.07 956.773
2347.08 956.911
2347.06 957.044
2347.04 957.18
2347.04 957.18
2347.05 957.18
2347.06 957.18
2347.07 957.18
2347.07 957.18
2345.908098 974.179634
2364.759698 980.91499
2375.66 972.367
2375.66 972.367
2375.38 972.478
2375.04 972.582
2374.63 972.586
2374.63 972.586
2385.675 969.062332
2395.753792 957.201977
2389.16 945.867
2389.16 945.867
2389.17 945.867
2389.18 945.867
2389.19 945.867
2389.19 945.867
2385.75 938.59
2376.61 934.372
2369.04 937.117
2369.04 937.117
2360.85 935.211
2351.54 940.083
2349.38 948.43
2375.976343 699.555325
2314.473725 698.770147
2366.887253 1066.409816
2381.880137 833.974239
2381.880137 833.974239
2387.362692 748.977855
2406.139799 699.940409
2375.976343 699.555325
2349.38 948.43
2348.279224 949.52545
2348.413313 951.613388
2347.72 953.648
2347.72 953.648
2347.69 953.637667
2347.66 953.627333
2347.63 953.617
2347.63 953.617
2347.491298 954.716502
2347.175863 955.711338
2347.1 956.773
2347.1 956.773
2347.09 956.773
2347.08 956.773
2347.07 956.773
2347.07 956.773
2347.08 956.911
2347.06 957.044
2347.04 957.18
2347.04 957.18
2347.05 957.18
2347.06 957.18
2347.07 957.18
2347.07 957.18
2345.908098 974.179634
2364.759698 980.91499
2375.66 972.367
2375.66 972.367
2375.38 972.478
2375.04 972.582
2374.63 972.586
2374.63 972.586
2385.675 969.062332
2395.753792 957.201977
2389.16 945.867
2389.16 945.867
2389.17 945.867
2389.18 945.867
2389.19 945.867
2389.19 945.867
2385.75 938.59
2376.61 934.372
2369.04 937.117
2369.04 937.117
2360.85 935.211
2351.54 940.083
2349.38 948.43
2375.976343 369.555325
2314.473725 368.770147
2366.887253 736.409816
2381.880137 503.974239
2381.880137 503.974239
2387.362692 418.977855
2406.139799 369.940409
2375.976343 369.555325
2349.38 618.43
2348.279214 619.525459
2348.41331 621.61342
2347.72 623.648
2347.72 623.648
2347.69 623.637667
2347.66 623.627333
2347.63 623.617
2347.63 623.617
2347.491298 624.716502
2347.175863 625.711338
2347.1 626.773
2347.1 626.773
2347.09 626.773
2347.08 626.773
2347.07 626.773
2347.07 626.773
2347.08 626.911
2347.06 627.044
2347.04 627.18
2347.04 627.18
2347.05 627.18
2347.06 627.18
2347.07 627.18
2347.07 627.18
2345.908141 644.179835
2364.759858 650.914903
2375.66 642.367
2375.66 642.367
2375.38 642.478
2375.04 642.582
2374.63 642.586
2374.63 642.586
2385.674993 639.062335
2395.753794 627.20198
2389.16 615.867
2389.16 615.867
2389.17 615.867
2389.18 615.867
2389.19 615.867
2389.19 615.867
2385.75 608.59
2376.61 604.372
2369.04 607.117
2369.04 607.117
2360.85 605.211
2351.54 610.083
2349.38 618.43
2298.06 391.433
2403.732906 318.303637
1946.972459 364.91507
2216.11 502.053
2216.11 502.053
2147.477804 690.1379
2350.494324 650.458503
2278.324829 537.472372
2278.324829 537.472372
2238.618456 475.309411
2280.148821 443.487672
2298.06 391.433
2269.41 386.154
2256.03 415.934
2240.36 444.32
2227.67 473.924
2227.67 473.924
2079.737878 410.848035
2225.665695 378.08439
2269.41 386.154
2250.03 531.535
2262.414325 555.663269
2271.48443 618.575209
2234.695809 605.27608
2234.695809 605.27608
2226.883407 602.451888
2224.122878 492.038554
2250.54 533.539
2250.54 533.539
2250 532.194
2250 532.196
2250.03 531.535
1430.677552 412.177583
1504.537049 398.749273
1313.59 597.541
1313.59 597.541
1313.59 597.541
1260.44056 675.465005
2000.026415 557.218778
1365.68 588.604
1365.68 588.604
1750.901126 236.660931
1096.91558 472.858461
1430.677552 412.177583
1815.557762 494.780964
1910.992878 354.369809
1621.125542 817.328184
1680.398835 537.512888
1680.398835 537.512888
1786.843428 35.012962
1471.369062 1001.176667
1815.557762 494.780964
1985.302333 410.661095
2072.133242 393.30141
1873.59 597.541
1873.59 597.541
1873.59 597.541
1820.440561 675.465009
2560.026412 557.218777
1925.68 588.604
1925.68 588.604
2311.009065 236.56236
1660.008241 475.695577
1985.302333 410.661095
2247.41 138.426
2136.101132 678.340859
2445.430501 -196.797399
2247.38 138.426
2247.38 138.426
2247.39 138.426
2247.4 138.426
2247.41 138.426
1430.196633 65.320119
1504.29129 51.894203
1313.59 250.521
1313.59 250.521
1313.59 250.521
1260.440588 328.44501
2000.0264 210.198777
1365.68 241.584
1365.68 241.584
1750.998488 -110.449094
1096.514357 125.783183
1430.196633 65.320119
1814.881254 149.11034
1913.54614 7.109769
1618.828783 471.158303
1680.545857 189.012791
1680.545857 189.012791
1787.837745 -301.482347
1469.026744 646.871397
1814.881254 149.11034
1985.996581 63.366816
2071.73911 46.045829
1873.59 250.521
1873.59 250.521
1873.59 250.521
1820.44056 328.44501
2560.026411 210.198776
1925.68 241.584
1925.68 241.584
2311.52368 -110.928896
1658.614774 129.501741
1985.996581 63.366816
2380.975923 25.555358
2319.473967 24.771047
2371.887357 392.41009
2386.880156 159.973779
2386.880156 159.973779
2392.362666 74.977339
2411.140177 25.940031
2380.975923 25.555358
2354.38 274.43
2353.279214 275.525459
2353.41331 277.61342
2352.72 279.648
2352.72 279.648
2352.69 279.637667
2352.66 279.627333
2352.63 279.617
2352.63 279.617
2352.491298 280.716502
2352.175863 281.711338
2352.1 282.773
2352.1 282.773
2352.09 282.773
2352.08 282.773
2352.07 282.773
2352.07 282.773
2352.08 282.911
2352.06 283.044
2352.04 283.18
2352.04 283.18
2352.05 283.18
2352.06 283.18
2352.07 283.18
2352.07 283.18
2350.908172 300.179903
2369.759861 306.914891
2380.66 298.367
2380.66 298.367
2380.38 298.478
2380.04 298.582
2379.63 298.586
2379.63 298.586
2390.675106 295.062275
2400.75377 283.201939
2394.16 271.867
2394.16 271.867
2394.17 271.867
2394.18 271.867
2394.19 271.867
2394.19 271.867
2390.75 264.59
2381.61 260.372
2374.04 263.117
2374.04 263.117
2365.85 261.211
2356.54 266.083
2354.38 274.43
2380.975923 25.555358
2319.473967 24.771047
2371.887357 392.41009
2386.880156 159.973779
2386.880156 159.973779
2392.362666 74.977339
2411.140177 25.940031
2380.975923 25.555358
2354.38 274.43
2353.279214 275.525459
2353.41331 277.61342
2352.72 279.648
2352.72 279.648
2352.69 279.637667
2352.66 279.627333
2352.63 279.617
2352.63 279.617
2352.491298 280.716502
2352.175863 281.711338
2352.1 282.773
2352.1 282.773
2352.09 282.773
2352.08 282.773
2352.07 282.773
2352.07 282.773
2352.08 282.911
2352.06 283.044
2352.04 283.18
2352.04 283.18
2352.05 283.18
2352.06 283.18
2352.07 283.18
2352.07 283.18
2350.908172 300.179903
2369.759861 306.914891
2380.66 298.367
2380.66 298.367
2380.38 298.478
2380.04 298.582
2379.63 298.586
2379.63 298.586
2390.675106 295.062275
2400.75377 283.201939
2394.16 271.867
2394.16 271.867
2394.17 271.867
2394.18 271.867
2394.19 271.867
2394.19 271.867
2390.75 264.59
2381.61 260.372
2374.04 263.117
2374.04 263.117
2365.85 261.211
2356.54 266.083
2354.38 274.43
999.632525 716.900237
831.081811 687.696704
928.967099 1038.793031
952.312 940.9
952.312 940.9
1100.333813 987.355176
1116.540986 640.458065
935.687 868.119
935.687 868.119
909.154542 740.693821
1062.928871 727.867125
999.632525 716.900237
1029.087913 861.437689
1028.468828 862.960373
1027.575379 867.773529
1028.56 862.682
1028.56 862.682
1017.778473 890.376702
985.743969 921.042258
959.219 906.432
959.219 906.432
968.024709 868.853405
995.087887 829.88613
1035.16 822.557
1035.16 822.557
1039.463196 833.971969
1033.971186 849.42694
1029.087913 861.437689
133.512679 741.802828
221.142472 724.108896
21.5875 928.9
21.5875 928.9
21.5875 928.9
-31.551639 1006.822808
708.028712 888.578534
73.6812 919.963
73.6812 919.963
458.888689 568.038465
-191.188629 807.365494
133.512679 741.802828
507.394396 829.10109
609.720977 678.739781
317.03955 1152.744842
375.386459 865.624719
375.386459 865.624719
474.39826 378.396162
169.420859 1325.728089
507.394396 829.10109
692.15754 742.618527
780.240716 725.236278
581.587 928.9
581.587 928.9
581.587 928.9
528.450201 1006.822839
1268.028172 888.578396
633.681 919.963
633.681 919.963
1018.970225 567.964425
367.793588 806.628197
692.15754 742.618527
1145.106343 699.555325
1083.603725 698.770147
1136.017253 1066.409816
1151.010137 833.974239
1151.010137 833.974239
1156.492692 748.977855
1175.269799 699.940409
1145.106343 699.555325
1118.51 948.43
1117.409188 949.525485
1117.543304 951.613508
1116.85 953.648
1116.85 953.648
1116.82 953.637667
1116.79 953.627333
1116.76 953.617
1116.76 953.617
1116.621298 954.716502
1116.305863 955.711338
1116.23 956.773
1116.23 956.773
1116.22 956.773
1116.21 956.773
1116.2 956.773
1116.2 956.773
1116.21 956.911
1116.19 957.044
1116.17 957.18
1116.17 957.18
1116.18 957.18
1116.19 957.18
1116.2 957.18
1116.2 957.18
1115.03816 974.179895
1133.889884 980.914883
1144.79 972.367
1144.79 972.367
1144.51 972.478
1144.17 972.582
1143.76 972.586
1143.76 972.586
1154.805018 969.062322
1164.883789 957.201971
1158.29 945.867
1158.29 945.867
1158.3 945.867
1158.31 945.867
1158.32 945.867
1158.32 945.867
1154.88 938.59
1145.74 934.372
1138.17 937.117
1138.17 937.117
1129.98 935.211
1120.67 940.083
1118.51 948.43
1145.106343 699.555325
1083.603725 698.770147
1136.017253 1066.409816
1151.010137 833.974239
1151.010137 833.974239
1156.492692 748.977855
1175.269799 699.940409
1145.106343 699.555325
1118.51 948.43
1117.409188 949.525485
1117.543304 951.613508
1116.85 953.648
1116.85 953.648
1116.82 953.637667
1116.79 953.627333
1116.76 953.617
1116.76 953.617
1116.621298 954.716502
1116.305863 955.711338
1116.23 956.773
1116.23 956.773
1116.22 956.773
1116.21 956.773
1116.2 956.773
1116.2 956.773
1116.21 956.911
1116.19 957.044
1116.17 957.18
1116.17 957.18
1116.18 957.18
1116.19 957.18
1116.2 957.18
1116.2 957.18
1115.03816 974.179895
1133.889884 980.914883
1144.79 972.367
1144.79 972.367
1144.51 972.478
1144.17 972.582
1143.76 972.586
1143.76 972.586
1154.805018 969.062322
1164.883789 957.201971
1158.29 945.867
1158.29 945.867
1158.3 945.867
1158.31 945.867
1158.32 945.867
1158.32 945.867
1154.88 938.59
1145.74 934.372
1138.17 937.117
1138.17 937.117
1129.98 935.211
1120.67 940.083
1118.51 948.43
1092.224331 391.142017
1087.090975 384.86644
922.505 429.073317
922.505 429.573
922.505 429.573
896.651903 434.627032
911.511779 477.561962
949.193 458.479
949.193 458.479
853.980602 830.004117
1273.104792 545.26716
993.63 447.166
993.63 447.166
1069.943804 428.263744
1119.217506 424.141433
1092.224331 391.142017
134.165447 410.178304
220.658925 392.545048
21.5875 597.541
21.5875 597.541
21.5875 597.541
-31.551668 675.463768
708.028752 557.219552
73.6812 588.604
73.6812 588.604
459.425148 236.190573
-192.651663 476.805871
134.165447 410.178304
512.872813 491.721169
599.33957 365.222081
316.928179 816.038835
374.932654 536.553372
374.932654 536.553372
477.178139 43.899539
164.549674 1001.310755
512.872813 491.721169
694.043268 410.645308
779.263473 393.714248
581.587 597.541
581.587 597.541
581.587 597.541
528.450264 675.463808
1268.028166 557.219411
633.681 588.604
633.681 588.604
1018.934738 236.639134
367.97479 475.426717
694.043268 410.645308
1198.976343 379.555325
1137.473725 378.770147
1189.887253 746.409816
1204.880137 513.974239
1204.880137 513.974239
1210.362692 428.977855
1229.139799 379.940409
1198.976343 379.555325
1172.38 628.43
1171.279214 629.525459
1171.41331 631.61342
1170.72 633.648
1170.72 633.648
1170.69 633.637667
1170.66 633.627333
1170.63 633.617
1170.63 633.617
1170.491298 634.716502
1170.175863 635.711338
1170.1 636.773
1170.1 636.773
1170.09 636.773
1170.08 636.773
1170.07 636.773
1170.07 636.773
1170.08 636.911
1170.06 637.044
1170.04 637.18
1170.04 637.18
1170.05 637.18
1170.06 637.18
1170.07 637.18
1170.07 637.18
1168.908167 654.179916
1187.759893 660.914875
1198.66 652.367
1198.66 652.367
1198.38 652.478
1198.04 652.582
1197.63 652.586
1197.63 652.586
1208.674993 649.062335
1218.753794 637.20198
1212.16 625.867
1212.16 625.867
1212.17 625.867
1212.18 625.867
1212.19 625.867
1212.19 625.867
1208.75 618.59
1199.61 614.372
1192.04 617.117
1192.04 617.117
1183.85 615.211
1174.54 620.083
1172.38 628.43
1198.976343 379.555325
1137.473725 378.770147
1189.887253 746.409816
1204.880137 513.974239
1204.880137 513.974239
1210.362692 428.977855
1229.139799 379.940409
1198.976343 379.555325
1172.38 628.43
1171.279214 629.525459
1171.41331 631.61342
1170.72 633.648
1170.72 633.648
1170.69 633.637667
1170.66 633.627333
1170.63 633.617
1170.63 633.617
1170.491298 634.716502
1170.175863 635.711338
1170.1 636.773
1170.1 636.773
1170.09 636.773
1170.08 636.773
1170.07 636.773
1170.07 636.773
1170.08 636.911
1170.06 637.044
1170.04 637.18
1170.04 637.18
1170.05 637.18
1170.06 637.18
1170.07 637.18
1170.07 637.18
1168.908167 654.179916
1187.759893 660.914875
1198.66 652.367
1198.66 652.367
1198.38 652.478
1198.04 652.582
1197.63 652.586
1197.63 652.586
1208.674993 649.062335
1218.753794 637.20198
1212.16 625.867
1212.16 625.867
1212.17 625.867
1212.18 625.867
1212.19 625.867
1212.19 625.867
1208.75 618.59
1199.61 614.372
1192.04 617.117
1192.04 617.117
1183.85 615.211
1174.54 620.083
1172.38 628.43
955.402 46.6169
972.566636 -68.03083
771.056003 236.161124
963.496 179.054
963.496 179.054
957.859761 235.480224
1007.158565 478.9339
997.621 166.086
997.621 166.086
1014.54618 163.51275
1015.634853 135.86204
997.183 132.429
997.183 132.429
1033.408084 37.072331
963.212299 -57.130868
962.558 142.242
962.558 142.242
935.734673 153.490943
921.538751 156.655941
914.621 155.898
914.621 155.898
915.001046 133.982651
928.066166 107.26633
955.652 45.3669
955.652 45.3669
955.669 45.798
955.545 46.2268
955.402 46.6169
133.457592 63.489005
220.558062 45.91461
21.5874 250.523
21.5874 250.523
21.5874 250.523
-31.553894 328.449266
707.991918 210.201873
73.6812 241.586
73.6812 241.586
459.237021 -110.657251
-192.378461 129.233442
133.457592 63.489005
513.072747 144.139953
597.319554 19.0349
318.72991 471.834388
375.728274 187.518589
375.728274 187.518589
473.474757 -300.054519
168.311352 656.104662
513.072747 144.139953
692.457826 63.998831
780.429819 46.540537
581.587 250.523
581.587 250.523
581.587 250.523
528.447761 328.449326
1267.991426 210.201727
633.681 241.586
633.681 241.586
1018.946832 -110.391682
368.030485 128.382364
692.457826 63.998831
1103.105923 25.555358
1041.603967 24.771047
1094.017357 392.41009
1109.010156 159.973779
1109.010156 159.973779
1114.492666 74.977339
1133.270177 25.940031
1103.105923 25.555358
1076.51 274.43
1075.409214 275.525459
1075.54331 277.61342
1074.85 279.648
1074.85 279.648
1074.82 279.637667
1074.79 279.627333
1074.76 279.617
1074.76 279.617
1074.621298 280.716502
1074.305863 281.711338
1074.23 282.773
1074.23 282.773
1074.22 282.773
1074.21 282.773
1074.2 282.773
1074.2 282.773
1074.21 282.911
1074.19 283.044
1074.17 283.18
1074.17 283.18
1074.18 283.18
1074.19 283.18
1074.2 283.18
1074.2 283.18
1073.038172 300.179917
1091.889878 306.91488
1102.79 298.367
1102.79 298.367
1102.51 298.478
1102.17 298.582
1101.76 298.586
1101.76 298.586
1112.804993 295.062335
1122.883794 283.20198
1116.29 271.867
1116.29 271.867
1116.3 271.867
1116.31 271.867
1116.32 271.867
1116.32 271.867
1112.88 264.59
1103.74 260.372
1096.17 263.117
1096.17 263.117
1087.98 261.211
1078.67 266.083
1076.51 274.43
1103.105923 25.555358
1041.603967 24.771047
1094.017357 392.41009
1109.010156 159.973779
1109.010156 159.973779
1114.492666 74.977339
1133.270177 25.940031
1103.105923 25.555358
1076.51 274.43
1075.409214 275.525459
1075.54331 277.61342
1074.85 279.648
1074.85 279.648
1074.82 279.637667
1074.79 279.627333
1074.76 279.617
1074.76 279.617
1074.621298 280.716502
1074.305863 281.711338
1074.23 282.773
1074.23 282.773
1074.22 282.773
1074.21 282.773
1074.2 282.773
1074.2 282.773
1074.21 282.911
1074.19 283.044
1074.17 283.18
1074.17 283.18
1074.18 283.18
1074.19 283.18
1074.2 283.18
1074.2 283.18
1073.038172 300.179917
1091.889878 306.91488
1102.79 298.367
1102.79 298.367
1102.51 298.478
1102.17 298.582
1101.76 298.586
1101.76 298.586
1112.804993 295.062335
1122.883794 283.20198
1116.29 271.867
1116.29 271.867
1116.3 271.867
1116.31 271.867
1116.32 271.867
1116.32 271.867
1112.88 264.59
1103.74 260.372
1096.17 263.117
1096.17 263.117
1087.98 261.211
1078.67 266.083
1076.51 274.43
