-45.27877186 -40.61287457
-45.40528291 -40.63336089
-45.52425376 -40.54682173
-45.54487789 -40.42041498
-45.54487789 -40.42041498
-47.48113121 -28.63972963
-46.26853021 -10.30670192
-44.63286448 6.54814518
-41.39534291 27.85554963
-37.70018690 44.40415740
-37.67372851 44.39919102
-38.77668801 37.53009301
-38.90336048 37.40358692
-38.90336048 37.40358692
-44.59414039 7.93947623
-45.80302903 -10.33736931
-47.01261296 -28.62475600
-45.08629364 -40.34433005
-45.08629364 -40.34433005
-45.06482646 -40.47176733
-45.15121663 -40.59228893
-45.27876814 -40.61286216
-45.27876938 -40.61286630
-45.27877062 -40.61287044
-45.27877186 -40.61287457
-49.51511791 -46.35731124
-49.51511791 -46.35731124
-46.93768893 -44.28803222
-44.73182331 -44.23992042
-42.52596142 -44.19174655
-40.91772252 -44.83964793
-40.91772252 -44.83964793
-41.77072252 -47.23952389
-42.62372252 -49.63939986
-43.47672251 -52.03927583
-44.55428561 -52.13907522
-45.63184871 -52.23887460
-46.70941180 -52.33867399
-47.64464717 -50.34488640
-48.57988254 -48.35109882
-49.51511791 -46.35731124
-48.25060955 -46.85065891
-48.25060955 -46.85065891
-46.44834540 -45.40371683
-44.90590110 -45.37008203
-43.36344934 -45.33643481
-42.23889478 -45.78944306
-42.23889478 -45.78944306
-42.83535813 -47.46754525
-43.43182148 -49.14564744
-44.02828483 -50.82374963
-44.78176977 -50.89353967
-45.53525471 -50.96332971
-46.28873964 -51.03311975
-46.94269628 -49.63896613
-47.59665291 -48.24481252
-48.25060955 -46.85065891
-48.89147357 -78.27005781
-55.49961568 -76.30670793
-60.61574954 -65.50955805
-56.95396635 -57.45781747
-53.29218689 -49.40610918
-45.44944644 -49.06258475
-41.04664599 -50.56564691
-36.64384431 -52.06870287
-29.20881377 -58.83330826
-33.85756295 -70.17815537
-37.16696169 -78.25443607
-42.28333270 -80.23340646
-48.55663161 -77.08100489
-54.61557664 -75.27410215
-59.30889535 -65.34529134
-55.95376371 -57.94303270
-52.59864201 -50.54079019
-45.40838566 -50.22692746
-41.37144469 -51.61004164
-37.33450248 -52.99315706
-30.51622419 -59.21478824
-34.77537088 -69.64470047
-37.80741474 -77.06963064
-42.49767665 -78.88790018
-54.68622462 -70.24593279
-54.68622462 -70.24593279
-59.18763749 -58.77524633
-51.34476046 -53.92167871
-43.79835514 -49.25156788
-37.79125787 -54.62051899
-37.79125787 -54.62051899
-43.42291345 -59.82899026
-49.05456904 -65.03746152
-54.68622462 -70.24593279
-41.03739363 -72.02160197
-42.00297192 -71.59764952
-41.03428964 -70.12487854
-40.13167511 -68.06912545
-39.22906926 -66.01337236
-38.73435212 -64.15310712
-37.76877135 -64.57706081
-36.80319058 -65.00101327
-36.75213992 -67.01120852
-37.65474329 -69.06696285
-38.55735037 -71.12271594
-40.07181534 -72.44555070
-41.03739611 -72.02160073
-41.03739529 -72.02160114
-41.03739446 -72.02160156
-41.03739363 -72.02160197
-43.42016911 -37.17034212
-43.54665037 -37.19082843
-43.66586457 -37.10515839
-43.68691829 -36.97877647
-43.68691829 -36.97877647
-45.66261335 -25.20464674
-44.51141417 -6.86767076
-42.93220500 9.99256486
-40.67519189 26.89332614
-37.03547432 43.45423810
-37.00905319 43.44927172
-37.28247346 40.99360842
-37.30606376 40.86701542
-37.30606376 40.86701542
-42.89813937 11.38402007
-44.04581242 -6.89677374
-45.19414725 -25.18810870
-43.22859105 -36.90117680
-43.22859105 -36.90117680
-43.20668932 -37.02851475
-43.29266975 -37.14933433
-43.42016539 -37.17034212
-43.42016663 -37.17034212
-43.42016787 -37.17034212
-43.42016911 -37.17034212
-47.37481842 -38.40798857
-47.37481842 -38.40798857
-45.91710054 -35.44149595
-43.93946487 -34.46316897
-41.96182919 -33.48485440
-40.23060041 -33.39015797
-40.23060041 -33.39015797
-39.98627319 -35.92537439
-39.74194597 -38.46059080
-39.49761875 -40.99580722
-40.43136338 -41.54282489
-41.36510801 -42.08984255
-42.29885263 -42.63686022
-43.99084123 -41.22723634
-45.68282983 -39.81761246
-47.37481842 -38.40798857
-47.48686862 -37.24580624
-47.61396943 -37.26231945
-47.73012435 -37.17193136
-47.74672323 -37.04497830
-47.74672323 -37.04497830
-49.30750589 -25.20870675
-47.51273725 -6.92349286
-45.34210685 9.87083891
-42.49266805 26.68187014
-38.27332068 43.10466711
-38.24707337 43.09845913
-38.60662306 40.65424333
-38.63464709 40.52855670
-38.63464709 40.52855670
-45.25917329 11.26024550
-47.04844538 -6.96893523
-48.83874925 -25.20863226
-47.28595252 -36.98351936
-47.28595252 -36.98351936
-47.26854537 -37.11156502
-47.35872239 -37.22928062
-47.48686490 -37.24580624
-47.48686614 -37.24580624
-47.48686738 -37.24580624
-47.48686862 -37.24580624
-46.02039626 -38.31902831
-46.02039626 -38.31902831
-45.00109292 -36.24469600
-43.61823327 -35.56061455
-42.23537486 -34.87652069
-41.02481628 -34.81030644
-41.02481628 -34.81030644
-40.85397367 -36.58305126
-40.68313106 -38.35579607
-40.51228845 -40.12854089
-41.16520794 -40.51104311
-41.81812743 -40.89354534
-42.47104692 -41.27604757
-43.65416337 -40.29037448
-44.83727981 -39.30470140
-46.02039626 -38.31902831
-33.28682296 -67.04958125
-40.10430663 -68.07144102
-49.31370641 -60.45959125
-49.40888830 -51.61482053
-49.50406896 -42.77007092
-42.54584804 -39.13553825
-37.92096354 -38.63127697
-33.29607781 -38.12701569
-23.69507285 -41.10362731
-23.09840339 -53.34945625
-22.67363894 -62.06713982
-26.46933805 -66.02772023
4.20033629 23.97904257
4.20033629 23.97904257
-4.40677333 27.11806720
-14.91894121 25.31128613
-25.43111033 23.50450507
-31.63164682 19.89095535
-31.63164682 19.89095535
-31.63164682 19.89095535
-31.26853748 18.00975310
-30.55622713 15.11434177
-30.11594150 13.32465747
-28.18265931 10.36177789
-29.60357509 9.77739649
-30.82828040 9.27370634
-33.38071608 10.25470276
-34.69409361 11.84360878
-36.56493227 14.10693664
-36.87630809 17.48170286
-36.87630809 17.48170286
-36.87630809 17.48170286
-39.41999177 18.16507660
-42.24015997 19.56780549
-45.81916728 21.34796677
-49.96290774 24.25408064
-48.75929712 27.07780228
-47.98774160 28.88791082
-43.59088094 28.35539084
-43.59088094 28.35539084
-43.59088094 28.35539084
-47.62745688 30.19549631
-46.00254337 32.92995971
-44.79522534 34.96168049
-40.75848676 33.57082124
-40.75848676 33.57082124
-40.75848676 33.57082124
-44.14308640 36.31453452
-42.81929438 37.76751076
-41.49550111 39.22048699
-38.09764868 38.20389405
-34.86044123 35.49556622
-31.62323378 32.78722598
-32.42447831 30.77621500
-32.42447831 30.77621500
-32.42447831 30.77621500
-30.87197833 30.64949784
-29.12679402 30.15674614
-27.38160971 29.66398202
-26.43715716 29.21228986
-26.43715716 29.21228986
-26.43715716 29.21228986
-22.34594732 32.11169912
-13.71984378 32.50462660
-5.09374024 32.89755409
2.73821696 27.81614142
2.73821696 27.81614142
3.22559007 26.53710847
3.71296318 25.25807552
4.20033629 23.97904257
-36.00281019 17.42715960
-36.00281019 17.42715960
-36.00839737 15.66505112
-34.98224540 13.81567093
-33.39525267 10.95560781
-30.65098812 10.25999195
-30.30104465 10.67578961
-29.54328697 11.57611961
-30.79750251 12.58436903
-31.53457522 14.97684757
-32.06612055 16.70220486
-32.72085318 20.33972977
-32.72085318 20.33972977
-32.72085318 20.33972977
-25.59840280 25.29726853
-15.12425628 26.46105251
-2.92849836 27.81612900
2.36864884 25.51659624
2.36864884 25.51659624
1.75699540 26.48728741
1.14534197 27.45797859
0.53368854 28.42866976
0.53368854 28.42866976
-7.40438280 32.08670582
-15.53488890 31.10119000
-23.66539377 30.11567418
-26.66300448 27.85720096
-26.66300448 27.85720096
-26.66300448 27.85720096
-29.12601181 29.18075335
-32.61638043 29.57085000
-32.61638043 29.57085000
-30.46134694 28.43208415
-31.17995218 26.27626597
-31.89855741 24.12044780
-34.77297833 24.40788939
-34.77297833 24.40788939
-34.77297833 24.40788939
-32.25230885 22.40299947
-32.96369297 19.89137749
-33.67507460 17.37976793
-36.00281019 17.42715960
4.75719277 66.68467414
4.75719277 66.68467414
2.11548519 72.31766526
2.09744606 77.42800709
2.07940569 82.53834891
3.02493346 84.62894612
3.02493346 84.62894612
3.02493346 84.62894612
-3.03226340 84.22243559
-7.46113113 85.96460406
-11.88999885 87.70676012
-16.20950568 90.43614540
-16.19991436 93.51397182
-16.19035408 96.59178583
-11.16701079 100.30840032
-0.48042493 98.62431365
10.20616217 96.94022697
13.53134034 92.84261672
13.95802678 90.32000663
14.38471447 87.79739654
11.63366585 84.57086432
11.92933053 77.83450520
12.22499520 71.09814609
13.70029655 66.68467414
13.70029655 66.68467414
10.71926196 66.68467414
7.73822736 66.68467414
4.75719277 66.68467414
5.93174759 66.48811728
5.93174759 66.48811728
3.75586649 72.16232935
3.74020377 76.53630617
3.71873660 82.52990607
4.97284660 86.19722925
4.97284660 86.19722925
4.97284660 86.19722925
-1.47546999 85.57819495
-6.37280754 87.23936179
-10.34849071 88.58789507
-14.58940955 90.52602444
-14.54825814 93.15296574
-14.50709927 95.77989462
-9.97406671 98.65912796
-0.40417487 97.22175858
9.16571945 95.78437677
12.11867745 92.57996977
12.47481276 90.42690794
12.83094682 88.27385852
10.32866288 85.52000141
10.52268813 79.77049903
10.71671338 74.02099666
11.86184985 68.37109501
11.86184985 68.37109501
9.88514910 67.74343576
7.90844835 67.11577652
5.93174759 66.48811728
31.34854627 67.67018995
31.34854627 67.67018995
32.62613111 73.30318108
31.40661566 78.41352290
30.18710269 83.52386473
28.73529982 85.61446193
28.73529982 85.61446193
28.73529982 85.61446193
34.89094020 85.20795140
38.89791279 86.95011988
42.90488787 88.69227594
46.56342801 91.42166122
45.80848999 94.49948764
45.05355198 97.57730164
39.13020151 101.29391614
28.85144480 99.60982946
18.57268675 97.92574279
16.23981468 93.82813254
16.42402016 91.30552245
16.60822563 88.78291235
20.14063341 85.55638013
21.47629011 78.82002102
22.81194806 72.08366190
22.40544374 67.67018995
22.40544374 67.67018995
25.38647792 67.67018995
28.36751209 67.67018995
31.34854627 67.67018995
30.22159171 67.47363309
30.22159171 67.47363309
31.02336765 73.14784516
29.97979735 77.52182199
28.54980805 83.51542188
26.40760031 87.18274507
26.40760031 87.18274507
26.40760031 87.18274507
33.50723998 86.35840066
38.00229837 88.01956750
41.65141232 89.36810078
44.92156673 91.51154026
44.24425694 94.13848155
43.56694839 96.76541043
38.33665610 99.64464378
29.11484783 98.20727439
19.89303831 96.76989259
17.71608199 93.56548559
17.88134569 91.41242375
18.04660940 89.25937433
21.21578491 86.50551722
22.41410013 80.75601485
23.61241287 75.00651247
23.83549516 69.35661083
23.83549516 69.35661083
25.96419401 68.72895158
28.09289286 68.10129234
30.22159171 67.47363309
33.37116120 62.30889700
33.37116120 62.30889700
33.76259418 67.96413750
36.94301854 66.17760685
40.46896096 64.19699011
46.44798453 64.27526024
52.73684187 62.34854112
59.02569796 60.42182200
63.26891623 57.76742905
65.42337983 51.36072575
67.11266258 46.33733281
64.17606011 40.47500672
64.17606011 40.47500672
64.17606011 40.47500672
62.41847227 46.93840123
55.67159436 47.67546152
48.92471770 48.41250940
42.23453846 46.42813063
42.23453846 46.42813063
39.28007937 51.72171942
36.32562029 57.01530821
33.37116120 62.30889700
-33.48739266 -65.83067045
-39.74113521 -66.76151637
-48.19958745 -59.75702743
-48.29732083 -51.63047332
-48.39504675 -43.50394032
-42.01526619 -40.17276649
-37.77259049 -39.71490360
-33.52992349 -39.25702830
-24.71763909 -42.00318752
-24.15578520 -53.25518817
-23.75581166 -61.26536388
-27.23365011 -64.89982081
-20.75025971 -37.48523537
-20.75025971 -37.48523537
-17.42020580 -22.58090876
5.99261057 -24.74580299
19.83816566 -26.02604856
29.60876315 -38.51732341
27.50466548 -52.93199113
25.43215482 -67.13027001
13.42311301 -71.17083395
2.52782376 -71.34038861
-7.91742464 -71.50293819
-17.16373703 -66.70272438
-19.56061951 -57.66464481
-22.12320275 -48.00174138
-30.22582760 -49.73983743
-29.29868908 -43.27903785
-28.50305904 -37.73465934
-20.75025971 -37.48523537
35.50644539 60.94635853
35.50644539 60.94635853
35.84514423 65.62051571
38.59709897 64.14391193
41.64802277 62.50690653
46.82154687 62.57159361
52.26316479 60.97912421
57.70478023 59.38666723
61.88782585 56.88543740
63.75203937 51.59018487
65.21373904 47.43826727
64.09492313 43.39048221
64.09492313 43.39048221
64.09492313 43.39048221
62.04704175 48.28628888
56.20910804 48.89548975
50.37117680 49.50466579
43.17574052 47.82064120
43.17574052 47.82064120
40.61930881 52.19588031
38.06287710 56.57111942
35.50644539 60.94635853
35.50644539 60.94635853
35.50644539 60.94635853
35.84514423 65.62051571
38.59709897 64.14391193
41.64802277 62.50690653
46.82154687 62.57159361
52.26316479 60.97912421
57.70478023 59.38666723
61.88782585 56.88543740
63.75203937 51.59018487
65.21373904 47.43826727
64.09492313 43.39048221
64.09492313 43.39048221
64.09492313 43.39048221
62.04704175 48.28628888
56.20910804 48.89548975
50.37117680 49.50466579
43.17574052 47.82064120
43.17574052 47.82064120
40.61930881 52.19588031
38.06287710 56.57111942
35.50644539 60.94635853
7.68309145 -27.10013975
7.68309145 -27.10013975
12.91027355 -14.96934952
14.03280555 -3.74401708
15.15533755 7.48130295
11.18363370 18.76341351
11.18363370 18.76341351
11.18363370 18.76341351
-11.41780176 27.14076355
-11.24359484 47.72578336
-11.09297202 65.52404380
6.17508029 74.11160824
21.56980790 72.58817151
36.96453513 71.06473477
48.88074290 60.90591979
47.70877183 41.95907248
46.74660172 26.40398882
31.38105669 22.70781098
28.74884486 21.33764911
28.74884486 21.33764911
31.74569754 11.04957170
27.66355396 -6.58303517
24.11881789 -21.89433170
12.12873064 -34.81785534
12.12873064 -34.81785534
10.64685091 -32.24528347
9.16497118 -29.67271161
7.68309145 -27.10013975
30.22159171 67.47363309
30.22159171 67.47363309
31.02336765 73.14784516
29.97979735 77.52182199
28.54980805 83.51542188
26.40760031 87.18274507
26.40760031 87.18274507
26.40760031 87.18274507
33.50723998 86.35840066
38.00229837 88.01956750
41.65141232 89.36810078
44.92156673 91.51154026
44.24425694 94.13848155
43.56694839 96.76541043
38.33665610 99.64464378
29.11484783 98.20727439
19.89303831 96.76989259
17.71608199 93.56548559
17.88134569 91.41242375
18.04660940 89.25937433
21.21578491 86.50551722
22.41410013 80.75601485
23.61241287 75.00651247
23.83549516 69.35661083
23.83549516 69.35661083
25.96419401 68.72895158
28.09289286 68.10129234
30.22159171 67.47363309
-36.00281019 17.42715960
-36.00281019 17.42715960
-36.00839737 15.66505112
-34.98224540 13.81567093
-33.39525267 10.95560781
-30.65098812 10.25999195
-30.30104465 10.67578961
-29.54328697 11.57611961
-30.79750251 12.58436903
-31.53457522 14.97684757
-32.06612055 16.70220486
-32.72085318 20.33972977
-32.72085318 20.33972977
-32.72085318 20.33972977
-25.59840280 25.29726853
-15.12425628 26.46105251
-2.92849836 27.81612900
2.36864884 25.51659624
2.36864884 25.51659624
1.75699540 26.48728741
1.14534197 27.45797859
0.53368854 28.42866976
0.53368854 28.42866976
-7.40438280 32.08670582
-15.53488890 31.10119000
-23.66539377 30.11567418
-26.66300448 27.85720096
-26.66300448 27.85720096
-26.66300448 27.85720096
-29.12601181 29.18075335
-32.61638043 29.57085000
-32.61638043 29.57085000
-30.46134694 28.43208415
-31.17995218 26.27626597
-31.89855741 24.12044780
-34.77297833 24.40788939
-34.77297833 24.40788939
-34.77297833 24.40788939
-32.25230885 22.40299947
-32.96369297 19.89137749
-33.67507460 17.37976793
-36.00281019 17.42715960
8.77450040 -28.11189046
8.77450040 -28.11189046
14.95811520 -12.22576040
15.44082339 -2.54653621
16.10367059 10.74483469
12.19804267 19.46502628
12.19804267 19.46502628
12.19804267 19.46502628
-9.03164541 28.49189177
-9.97435352 44.37335343
-10.93997154 60.64075240
-0.29385918 70.63997280
17.68641520 71.50028620
36.77544807 72.41365295
46.36113498 58.23002241
46.63473280 44.56991029
46.99363065 26.65106617
27.11186923 22.31588918
27.11186923 22.31588918
27.11186923 22.31588918
31.77499806 9.58373255
25.05031056 -10.78518770
19.85062643 -26.53491616
11.18154906 -33.03968061
11.18154906 -33.03968061
10.37919951 -31.39708390
9.57684995 -29.75448718
8.77450040 -28.11189046
5.93174759 66.48811728
5.93174759 66.48811728
3.75586649 72.16232935
3.74020377 76.53630617
3.71873660 82.52990607
4.97284660 86.19722925
4.97284660 86.19722925
4.97284660 86.19722925
-1.47546999 85.57819495
-6.37280754 87.23936179
-10.34849071 88.58789507
-14.58940955 90.52602444
-14.54825814 93.15296574
-14.50709927 95.77989462
-9.97406671 98.65912796
-0.40417487 97.22175858
9.16571945 95.78437677
12.11867745 92.57996977
12.47481276 90.42690794
12.83094682 88.27385852
10.32866288 85.52000141
10.52268813 79.77049903
10.71671338 74.02099666
11.86184985 68.37109501
11.86184985 68.37109501
9.88514910 67.74343576
7.90844835 67.11577652
5.93174759 66.48811728
8.77450040 -28.11189046
8.77450040 -28.11189046
14.95811520 -12.22576040
15.44082339 -2.54653621
16.10367059 10.74483469
12.19804267 19.46502628
12.19804267 19.46502628
12.19804267 19.46502628
-9.03164541 28.49189177
-9.97435352 44.37335343
-10.93997154 60.64075240
-0.29385918 70.63997280
17.68641520 71.50028620
36.77544807 72.41365295
46.36113498 58.23002241
46.63473280 44.56991029
46.99363065 26.65106617
27.11186923 22.31588918
27.11186923 22.31588918
27.11186923 22.31588918
31.77499806 9.58373255
25.05031056 -10.78518770
19.85062643 -26.53491616
11.18154906 -33.03968061
11.18154906 -33.03968061
10.37919951 -31.39708390
9.57684995 -29.75448718
8.77450040 -28.11189046
-19.78492478 -37.63853507
-19.78492478 -37.63853507
-12.65432085 -37.21400900
-5.55654220 -38.89095651
1.91695295 -40.65667804
8.19755368 -44.27874509
8.19755368 -44.27874509
8.19755368 -44.27874509
9.10145451 -42.55277943
10.49150423 -42.65395698
10.49150423 -42.65395698
9.66523660 -43.12033721
8.86440179 -44.89013117
8.09070079 -46.59995610
8.57914913 -47.66261220
8.57914913 -47.66261220
7.72271198 -47.04827113
7.95323763 -45.11202898
7.95323763 -45.11202898
7.95323763 -45.11202898
0.99303265 -41.25209720
-6.54205677 -39.67116222
-14.07714619 -38.09022724
-26.96029813 -36.95522341
-28.14663072 -43.03804431
-29.23923656 -48.64028114
-22.40240139 -48.12020194
-20.09289986 -53.98167008
-18.30181380 -58.52740664
-14.93312146 -70.02087760
1.47304807 -70.36713726
18.48685456 -70.72622136
26.83353599 -61.36596285
26.83353599 -49.57733751
26.83353599 -37.78870596
18.93343247 -27.24728114
4.87353640 -25.83582384
-10.55859585 -24.28659918
-18.68162756 -32.38799237
-16.11883574 -68.95902854
-16.01913568 -68.69479235
-14.68366149 -69.44957641
-13.12515095 -69.76236020
-11.56664165 -70.07514771
-9.92585062 -69.92402204
-9.87546174 -70.04033339
-9.82506541 -70.15667082
-9.69122647 -70.75413986
-9.98745359 -70.78654175
-11.13432954 -70.91198876
-14.80638692 -70.64944735
-16.11883574 -68.95902606
-16.11883574 -68.95902688
-16.11883574 -68.95902771
-16.11883574 -68.95902854
-19.78492478 -37.63853507
-19.78492478 -37.63853507
-12.65432085 -37.21400900
-5.55654220 -38.89095651
1.91695295 -40.65667804
8.19755368 -44.27874509
8.19755368 -44.27874509
8.19755368 -44.27874509
9.10145451 -42.55277943
10.49150423 -42.65395698
10.49150423 -42.65395698
9.66523660 -43.12033721
8.86440179 -44.89013117
8.09070079 -46.59995610
8.57914913 -47.66261220
8.57914913 -47.66261220
7.72271198 -47.04827113
7.95323763 -45.11202898
7.95323763 -45.11202898
7.95323763 -45.11202898
0.99303265 -41.25209720
-6.54205677 -39.67116222
-14.07714619 -38.09022724
-26.96029813 -36.95522341
-28.14663072 -43.03804431
-29.23923656 -48.64028114
-22.40240139 -48.12020194
-20.09289986 -53.98167008
-18.30181380 -58.52740664
-14.93312146 -70.02087760
1.47304807 -70.36713726
18.48685456 -70.72622136
26.83353599 -61.36596285
26.83353599 -49.57733751
26.83353599 -37.78870596
18.93343247 -27.24728114
4.87353640 -25.83582384
-10.55859585 -24.28659918
-18.68162756 -32.38799237
-41.93582647 -62.23704833
-41.93582647 -62.23704833
-50.87384468 -53.75463455
-45.82665409 -46.03494359
-40.97024570 -38.60705346
-33.25405107 -40.92460176
-33.25405107 -40.92460176
-36.14797620 -48.02875062
-39.04190134 -55.13289948
-41.93582647 -62.23704833
-29.69473173 -61.19754922
-30.70328285 -60.88947729
-29.91354542 -59.31348757
-29.25764941 -57.16625254
-28.60175341 -55.01901751
-28.32807489 -53.11364762
-27.31952376 -53.42172203
-26.31097512 -53.72979521
-26.02509173 -55.72021434
-26.68098649 -57.86744813
-27.33688250 -60.01468441
-28.68618185 -61.50561991
-20.89598444 -45.33785023
-20.89598444 -45.33785023
-21.51738646 -46.07951684
-21.06637594 -46.88132630
-20.61535796 -47.68313576
-19.43269180 -47.48269271
-19.43269180 -47.48269271
-19.43269180 -47.48269271
-20.16434247 -47.03667463
-20.46501946 -46.59066897
-20.76569770 -46.14466331
-20.89598444 -45.33785023
-14.86237415 -44.03492072
-14.86237415 -44.03492072
-15.48377617 -44.88635672
-15.03276565 -45.80682539
-14.58174767 -46.72729406
-13.39908151 -46.49718931
-13.39908151 -46.49718931
-13.39908151 -46.49718931
-14.13073218 -45.98516806
-14.43140917 -45.47314680
-14.73208741 -44.96113797
-14.86237415 -44.03492072
0.23068852 -69.82335354
0.23068852 -69.82335354
25.19192139 -95.11218974
25.34067089 -95.04776836
23.77020955 -84.14236301
22.19974820 -73.23695766
20.62928685 -62.33155232
20.62928685 -62.33155232
12.92076502 -61.48756092
7.31523673 -64.12147377
1.70970844 -66.75538786
0.23068852 -69.82335354
3.90746024 -64.74621071
3.69943104 -64.55520130
2.84705639 -65.83060217
1.59646755 -66.81183448
0.34588119 -67.79306928
-1.18711954 -68.39717340
-1.17972088 -68.52371425
-1.17227131 -68.65028118
-1.02270260 -69.24399688
-0.74363060 -69.13950178
0.33682748 -68.73493683
3.49706476 -66.84659417
3.90745900 -64.74620823
3.90745941 -64.74620906
3.90745982 -64.74620988
3.90746024 -64.74621071
1.70533554 -69.75738016
1.70533554 -69.75738016
3.94660151 -66.20613987
10.12578630 -64.32764181
16.24534561 -62.46726980
19.67864346 -63.54366662
19.67864346 -63.54366662
21.10154169 -73.11328903
22.52443991 -82.68291145
23.94733814 -92.25253386
16.53333727 -84.75414929
9.11933641 -77.25576473
1.70533554 -69.75738016
23.94733802 -92.25253262
16.53329912 -84.75422876
9.11926022 -77.25592489
1.70522132 -69.75762103
1.70522132 -69.75762103
3.94656302 -66.20615353
10.12573539 -64.32766044
16.24528254 -62.46729090
19.67869436 -63.54361075
19.67869436 -63.54361075
21.10157558 -73.11325137
22.52445680 -82.68289200
23.94733802 -92.25253262
22.39351313 -91.69410428
22.39351313 -91.69410428
21.15948145 -92.02802001
21.21755357 -93.40723310
21.27562543 -94.78644247
22.21929690 -95.06228508
22.21929690 -95.06228508
22.21929690 -95.06228508
20.70942298 -97.18191698
22.72742761 -98.15462326
24.74543213 -99.12733079
25.47133309 -98.40142995
25.47133309 -98.40142995
25.47133309 -98.40142995
27.95391433 -101.10178301
29.53637843 -99.49027997
31.11884231 -97.87878189
29.95740096 -96.51408801
29.95740096 -96.51408801
29.95740096 -96.51408801
31.62697302 -96.06402978
31.26402260 -94.35090469
30.90107218 -92.63777588
28.27331075 -92.46355903
28.27331075 -92.46355903
28.27331075 -92.46355903
27.14078060 -90.10352708
24.93416657 -90.46007459
22.66434479 -90.82683671
22.39351313 -91.69410428
-13.00195868 -64.67378104
-15.20416532 -65.24863071
-19.01391680 -64.34950878
-20.62170251 -59.36752674
-22.22948946 -54.38554471
-20.01177406 -52.02721001
-17.79420890 -51.43763131
-15.57664374 -50.84803522
-11.19560845 -52.14188122
-10.36147283 -57.06815166
-9.48296137 -62.25648550
-10.79974956 -64.09893013
-13.24754487 -63.87944722
-15.12318851 -64.38393199
-18.39582611 -63.59486750
-19.84458837 -59.22270838
-21.29335187 -54.85054925
-19.43065434 -52.78088657
-17.54208819 -52.26347183
-15.65352204 -51.74605834
-11.88632125 -52.88152155
-11.10027135 -57.20478916
-10.27240579 -61.75804233
-11.37190000 -63.37496121
-12.78297613 -57.33858269
-12.85774810 -56.62983920
-13.28632824 -56.05535894
-13.74030095 -56.05535894
-14.19427365 -56.05535894
-14.50163921 -56.62983920
-14.42686724 -57.33858269
-14.35209527 -58.04732618
-13.92351513 -58.62180644
-13.46954242 -58.62180644
-13.01556971 -58.62180644
-12.70820415 -58.04732618
-12.78297613 -57.33858269
-13.24754487 -63.87944722
-14.96130939 -64.34039175
-17.84133735 -63.72143319
-19.43079340 -60.27613942
-19.43079340 -60.27613942
-10.89476011 -61.00175842
-10.89495752 -61.01983977
-11.14895677 -62.76416862
-12.03645489 -63.55370491
-20.21086005 -59.17945370
-20.21086005 -59.17945370
-17.58437442 -60.09308118
-15.47196985 -60.32990296
-12.58240520 -60.65385241
-10.31983470 -60.29733593
-10.31983470 -60.29733593
-10.31983512 -60.52620240
-10.31983553 -60.75506886
-10.31983595 -60.98393533
-10.31983595 -60.98393533
-12.58962755 -61.49413144
-15.58562543 -61.13367414
-18.48582683 -60.78474256
-20.10996434 -60.19279614
-20.10996434 -60.19279614
-20.14359625 -59.85501532
-20.17722815 -59.51723451
-20.21086005 -59.17945370
-5.46316310 -64.98628174
-2.78563054 -65.50794894
1.29023442 -64.24965228
1.65846658 -58.46670631
2.02669875 -52.68375786
-1.19234790 -50.12791028
-3.89170148 -49.59037425
-6.59105755 -49.05282582
-11.20178041 -50.79636005
-10.70505437 -56.46856198
-10.18190967 -62.44250619
-8.14069938 -64.46461206
-5.42502255 -64.19092609
-3.11881621 -64.66080265
0.41017966 -63.54036522
0.77979620 -58.36844899
1.14941399 -53.19653151
-1.60592559 -50.90658883
-3.93082289 -50.42247863
-6.25571771 -49.93838084
-10.25067540 -51.49217456
-9.87278983 -56.56609172
-9.47480285 -61.90993406
-7.73122765 -63.72104705
-5.42502255 -64.19092609
-3.31785626 -64.62024969
-0.18985700 -63.72191989
0.61631418 -59.61859458
0.61631418 -59.61859458
-8.98342187 -60.99222049
-8.97783469 -61.01322455
-8.16865016 -63.02494697
-6.91412174 -63.88752876
1.18811822 -58.29542087
1.18811822 -58.29542087
-1.56099600 -59.52050860
-3.91965971 -59.92698685
-7.14608392 -60.48300897
-9.85331666 -60.20915663
-9.85331666 -60.20915663
-9.78546516 -60.47517699
-9.71761367 -60.74119735
-9.64976217 -61.00721772
-9.64976217 -61.00721772
-6.88866656 -61.45925007
-3.55068632 -60.85418247
-0.31943852 -60.26846140
1.37252732 -59.47953721
1.37252732 -59.47953721
1.31105762 -59.08483176
1.24958792 -58.69012632
1.18811822 -58.29542087
-1.65486100 -55.67552553
-1.72963297 -54.96678204
-2.15821311 -54.39230178
-2.61218582 -54.39230178
-3.06615853 -54.39230178
-3.37352408 -54.96678204
-3.29875211 -55.67552553
-3.22398014 -56.38426902
-2.79540000 -56.95874928
-2.34142729 -56.95874928
-1.88745458 -56.95874928
-1.58008903 -56.38426902
-1.65486100 -55.67552553
-41.60868861 20.22325576
-45.56411144 21.99853757
-48.46513104 24.96193862
-47.57081781 26.41794435
-46.95847819 27.41488283
-45.02933300 27.42141362
-42.83976952 27.05359118
-41.83149155 26.88421283
-40.79053852 26.34005911
-39.94121820 25.90908916
-38.08130433 24.96534059
-34.85546243 23.45233326
-34.45354580 22.87147799
-33.82744186 21.96662859
-33.50170080 21.02689037
-33.88502082 20.03797258
-34.94193702 17.31125673
-37.65326455 18.44799879
-41.60868861 20.22328060
-41.60868861 20.22327232
-41.60868861 20.22326404
-41.60868861 20.22325576
-38.98194846 26.70743457
-38.98194846 26.70743457
-45.93989126 29.44140133
-45.03876539 32.10722938
-44.54600624 33.56497333
-40.74766502 32.96956658
-38.20175268 31.84032376
-35.65583661 30.71109335
-31.73430436 28.41154817
-32.39131531 26.48157608
-33.04832627 24.55161640
-37.23676787 26.07095587
-38.11962615 32.66446951
-38.88956015 33.03589257
-42.91321357 35.80256294
-41.85637062 37.10252503
-40.97511772 38.18649931
-37.99671945 36.44483989
-36.43603736 35.33110459
-34.83457384 34.18826630
-32.72537134 32.14359569
-33.47948867 31.33115818
-34.23360599 30.51872066
-37.34969215 32.29304644
-41.60868861 20.22325576
-45.56411144 21.99853757
-48.46513104 24.96193862
-47.57081781 26.41794435
-46.95847819 27.41488283
-45.02933300 27.42141362
-42.83976952 27.05359118
-41.83149155 26.88421283
-40.79053852 26.34005911
-39.94121820 25.90908916
-38.08130433 24.96534059
-34.85546243 23.45233326
-34.45354580 22.87147799
-33.82744186 21.96662859
-33.50170080 21.02689037
-33.88502082 20.03797258
-34.94193702 17.31125673
-37.65326455 18.44799879
-41.60868861 20.22328060
-41.60868861 20.22327232
-41.60868861 20.22326404
-41.60868861 20.22325576
-38.98194846 26.70743457
-38.98194846 26.70743457
-45.93989126 29.44140133
-45.03876539 32.10722938
-44.54600624 33.56497333
-40.74766502 32.96956658
-38.20175268 31.84032376
-35.65583661 30.71109335
-31.73430436 28.41154817
-32.39131531 26.48157608
-33.04832627 24.55161640
-37.23676787 26.07095587
-38.11962615 32.66446951
-38.88956015 33.03589257
-42.91321357 35.80256294
-41.85637062 37.10252503
-40.97511772 38.18649931
-37.99671945 36.44483989
-36.43603736 35.33110459
-34.83457384 34.18826630
-32.72537134 32.14359569
-33.47948867 31.33115818
-34.23360599 30.51872066
-37.34969215 32.29304644
-7.58619448 35.61439926
-7.58619448 35.61439926
3.79051070 27.09286282
18.08166173 31.78164599
43.92373430 40.26016117
34.63220290 68.13475745
34.63220290 68.13475745
34.63220290 68.13475745
15.01610140 78.40594918
-0.99853000 66.04593573
-17.01316263 53.68592228
-7.58619448 35.61439926
-7.40816966 36.51799465
-7.40816966 36.51799465
4.10104348 28.30253615
17.67749347 32.71126521
42.22720436 40.68338356
33.31323410 68.03413862
33.31323410 68.03413862
33.31323410 68.03413862
14.37943024 76.97383174
-0.83431047 65.35204568
-16.04805118 53.73027204
-7.40816966 36.51799465
23.38407652 -92.55976896
23.38407652 -92.55976896
22.07631647 -92.59804733
22.12046658 -93.64662126
22.16461645 -94.69518649
23.25162593 -95.12048235
23.25162593 -95.12048235
23.25162593 -95.12048235
21.82654461 -96.75249530
23.36076335 -97.49201023
24.89498246 -98.23152640
25.72403623 -97.65911895
25.72403623 -97.65911895
25.72403623 -97.65911895
27.68404706 -100.17667947
28.88713989 -98.95150980
30.09023236 -97.72634261
29.13463872 -96.22423648
29.13463872 -96.22423648
29.13463872 -96.22423648
30.70883495 -95.88207408
30.43289636 -94.57964369
30.15695764 -93.27721082
27.85428301 -93.14475998
27.85428301 -93.14475998
27.85428301 -93.14475998
26.81904329 -90.95852273
25.14143094 -91.22959390
23.41576388 -91.50843124
23.38407615 -92.55976896
34.18227852 33.07634373
36.44376324 40.59640985
35.90959889 45.59295952
35.90959889 45.59295952
35.90959889 45.59295952
28.70630322 48.69591582
29.75777513 50.93469735
30.80924706 53.17347889
34.36510273 50.64605141
34.36510273 50.64605141
34.36510273 50.64605141
31.03073304 55.78014494
34.48003839 56.76566076
37.92934375 57.75117657
39.67719563 54.30770050
39.67719563 54.30770050
39.67719563 54.30770050
39.24369345 58.58108332
43.67818535 58.40819126
48.63565458 58.21489979
47.56715802 50.93554164
47.56715802 50.93554164
47.56715802 50.93554164
52.13719631 54.17868640
54.06716468 50.03130061
55.99713305 45.88392724
53.36884587 42.92264932
50.32130815 41.76430352
47.02608346 40.51180758
42.19991162 42.51678442
42.19991162 42.51678442
42.19991162 42.51678442
41.50426100 35.03851037
37.21753352 31.80719801
36.20578185 32.23024658
35.19403019 32.65329515
34.18227852 33.07634373
34.11046990 32.74370808
38.85792065 42.83468233
36.55144290 46.43128428
36.44018074 46.46607376
36.44018074 46.46607376
29.30607999 49.45641742
30.70222731 50.60618380
32.09837488 51.75595019
36.98489033 47.60857682
36.98489033 47.60857682
36.98489033 47.60857682
32.34475384 54.83568866
35.17811137 55.65695391
38.01146928 56.47821916
40.92695421 51.01681643
40.92695421 51.01681643
40.92695421 51.01681643
39.44782515 57.48366257
43.95737282 57.38452123
47.15978955 57.31412281
46.67579606 49.08685675
46.67579606 49.08685675
46.67579606 49.08685675
51.48018535 53.06997955
53.08164886 49.49747696
54.68311114 45.92498678
51.68550042 42.92737979
48.56470117 42.59886624
45.44390067 42.27036511
41.46077414 43.58439448
41.46077414 43.58439448
41.46077414 43.58439448
40.87814092 39.64927173
40.14669015 37.56324359
39.41523900 35.47720304
36.65638510 31.22438103
36.65638510 31.22438103
35.80774670 31.73082338
34.95910830 32.23726573
34.11046990 32.74370808
34.11046990 32.74370808
38.85792065 42.83468233
36.55144290 46.43128428
36.44018074 46.46607376
36.44018074 46.46607376
29.30607999 49.45641742
30.70222731 50.60618380
32.09837488 51.75595019
36.98489033 47.60857682
36.98489033 47.60857682
36.98489033 47.60857682
32.34475384 54.83568866
35.17811137 55.65695391
38.01146928 56.47821916
40.92695421 51.01681643
40.92695421 51.01681643
40.92695421 51.01681643
39.44782515 57.48366257
43.95737282 57.38452123
47.15978955 57.31412281
46.67579606 49.08685675
46.67579606 49.08685675
46.67579606 49.08685675
51.48018535 53.06997955
53.08164886 49.49747696
54.68311114 45.92498678
51.68550042 42.92737979
48.56470117 42.59886624
45.44390067 42.27036511
41.46077414 43.58439448
41.46077414 43.58439448
41.46077414 43.58439448
40.87814092 39.64927173
40.14669015 37.56324359
39.41523900 35.47720304
36.65638510 31.22438103
36.65638510 31.22438103
35.80774670 31.73082338
34.95910830 32.23726573
34.11046990 32.74370808
-52.25315586 -33.49473750
-52.25315586 -33.49473750
-49.20083676 -32.22651056
-47.06909683 -32.79558309
-44.93736435 -33.36466803
-43.57365754 -34.43538208
-43.57365754 -34.43538208
-45.06220132 -36.50208272
-46.55074510 -38.56878337
-48.03928888 -40.63548401
-49.10192387 -40.43075746
-50.16455886 -40.22603090
-51.22719385 -40.02130435
-51.56918119 -37.84578207
-51.91116852 -35.67025978
-52.25315586 -33.49473750
-51.17645112 -34.32121744
-51.17645112 -34.32121744
-49.04211377 -33.43440841
-47.55150480 -33.83233952
-46.06088715 -34.23027063
-45.10732004 -34.97896467
-45.10732004 -34.97896467
-46.14818450 -36.42409402
-47.18904895 -37.86922337
-48.22991341 -39.31435273
-48.97295943 -39.17120099
-49.71600545 -39.02804926
-50.45905148 -38.88489753
-50.69818469 -37.36367083
-50.93731790 -35.84244414
-51.17645112 -34.32121744
-60.55569733 -64.31486084
-66.35393478 -60.58622274
-68.25535765 -48.79055135
-62.49303580 -42.07975667
-56.73072514 -35.36898682
-49.10342993 -37.22668569
-45.29461958 -39.89816298
-41.48580674 -42.56964028
-36.23271753 -51.13962374
-43.86138718 -60.73753092
-49.29216102 -67.57018316
-54.75745988 -68.04349894
-59.90247944 -63.26639741
-65.21695931 -59.84118520
-66.95455126 -48.99732653
-61.66786946 -42.82470109
-56.38119636 -36.65208806
-49.38876702 -38.35626374
-45.89784093 -40.81051162
-42.40691235 -43.26475951
-37.59464514 -51.14128748
-44.59397153 -59.96924452
-49.57671715 -66.25375876
-54.58799710 -66.69160714
-63.88229339 -54.99287077
-63.88229339 -54.99287077
-65.00552814 -42.72185980
-56.12012002 -40.24854102
-47.57057942 -37.86870190
-43.29946003 -44.70012993
-43.29946003 -44.70012993
-43.10640985 -46.13668400
-42.91335966 -47.57323807
-42.72030948 -49.00979214
-49.77430412 -51.00415168
-56.82829876 -52.99851123
-63.88229339 -54.99287077
-49.83233915 -59.87150370
-50.76376738 -59.37700880
-49.68836383 -57.98024950
-48.63556848 -55.99721164
-47.58277437 -54.01417255
-46.95126204 -52.19578754
-46.01983382 -52.69028368
-45.08840807 -53.18477982
-45.18679452 -55.19321449
-46.23958739 -57.17625359
-47.29238274 -59.15929268
-48.90091217 -60.36599612
-20.89598444 -45.33785023
-20.89598444 -45.33785023
-21.51738646 -46.07951684
-21.06637594 -46.88132630
-20.61535796 -47.68313576
-19.43269180 -47.48269271
-19.43269180 -47.48269271
-19.43269180 -47.48269271
-20.16434247 -47.03667463
-20.46501946 -46.59066897
-20.76569770 -46.14466331
-20.89598444 -45.33785023
